,snomed_reaction,X,Y,bin_x,bin_y,tox_drug_id_y,freq,name
0,24982008,18.172495,4.1793585,1,1,3171,0.03,
1,82649003,18.14076,4.197411,1,2,,0,
2,74460005,18.139635,4.1977453,1,3,,0,
3,78370002,18.14034,4.198244,1,4,,0,
4,398155003,18.143131,4.1986833,1,5,,0,
5,87628006,18.13619,4.1995053,1,6,,0,
6,429040005,18.13507,4.199832,1,7,3171,0.01,
7,13164000,18.159307,4.1998405,1,8,,0,
8,59698003,18.14158,4.1998916,1,9,,0,
9,112222000,18.137125,4.2014155,1,10,,0,
10,200767005,21.064695,5.0815506,1,11,,0,
11,271873000,21.070759,5.091977,1,12,,0,
12,71676008,21.065691,5.0921626,1,13,,0,
13,58588007,21.064146,5.0927114,1,14,,0,
14,29297002,21.067232,5.095162,1,15,,0,
15,72042002,20.747684,5.827863,1,16,3171,0.01,
16,73589001,20.715929,5.840285,1,17,,0,
17,7006003,20.67979,5.8504596,1,18,,0,
18,70534000,20.659859,5.854451,1,19,,0,
19,33772003,20.656757,5.854556,1,20,,0,
20,81680005,20.762627,5.856624,1,21,3171,0.01,
21,398064005,20.653297,5.8571086,1,22,,0,
22,111496009,20.677595,5.8572,1,23,,0,
23,165232002,20.679213,5.857867,1,24,,0,
24,236647003,20.652523,5.85853,1,25,,0,
25,399068003,20.686926,5.8613334,1,26,,0,
26,15758002,20.653011,5.865549,1,27,,0,
27,8217007,20.658798,5.8835487,1,28,,0,
28,128053003,20.99271,5.952859,1,29,3171,0.01,
29,14760008,20.82783,5.971689,1,30,3171,0.22,
30,243978007,19.803455,6.22565,1,31,,0,
31,33688009,19.786976,6.242131,1,32,,0,
32,47771009,19.769663,6.2489977,1,33,,0,
33,78048006,19.775513,6.250594,1,34,3171,0.02,
34,63398001,19.778135,6.2537293,1,35,,0,
35,128936008,19.769312,6.2544355,1,36,,0,
36,274540003,19.76748,6.257631,1,37,3171,0.07,
37,47382004,19.775162,6.258061,1,38,,0,
38,51599000,19.779165,6.259336,1,39,,0,
39,186435004,19.76011,6.2595787,1,40,,0,
40,56317004,20.763878,6.4796777,1,41,3171,0.12,
41,17790008,20.656591,6.56305,1,42,,0,
42,75817003,20.642952,6.569529,1,43,,0,
43,95384003,20.660141,6.572613,1,44,3171,0.01,
44,414032001,20.657383,6.575193,1,45,3171,0.01,
45,61599003,20.66486,6.575651,1,46,,0,
46,17182001,20.641573,6.5804276,1,47,,0,
47,49084001,20.65807,6.582381,1,48,3171,0.01,
48,53430007,20.702372,6.602219,1,49,,0,
49,197663003,21.05767,6.736341,1,50,3171,0.07,
50,3289004,21.063004,8.899886,1,51,,0,sunitinib
51,223176004,21.055603,8.9093,1,52,,0,
52,39302008,21.071682,8.91119,1,53,,0,
53,43216008,21.07049,8.912422,1,54,,0,
54,90678009,21.06669,8.912633,1,55,,0,
55,27272007,21.067184,8.912939,1,56,,0,
56,44593008,21.071188,8.913484,1,57,,0,
57,195951007,21.045885,8.931087,1,58,,0,
58,204192005,21.04657,8.937832,1,59,,0,
59,13468005,21.098318,2.7503457,2,1,,0,
60,25540007,21.110075,2.7535992,2,2,,0,
61,102616008,21.110378,2.7581239,2,3,3171,0.23,
62,105995000,21.123196,2.7665114,2,4,3171,0.01,
63,22490002,21.12099,2.767658,2,5,3171,0.03,
64,110342004,21.121435,2.7703137,2,6,,0,
65,196305005,21.123007,2.7735848,2,7,,0,
66,53963006,21.138714,2.7764478,2,8,,0,
67,6288001,21.19911,2.8183455,2,9,,0,
68,18718003,21.24036,2.8201165,2,10,3171,0.02,
69,11114002,21.16083,2.8357904,2,11,3171,0.06,
70,271719001,21.155054,4.320521,2,12,,0,
71,419045004,21.296288,4.3466163,2,13,3171,0.04,
72,36649002,21.179113,4.3467383,2,14,,0,
73,165850001,21.183954,4.34876,2,15,,0,
74,230381009,21.197165,4.354713,2,16,,0,
75,6666006,21.19286,4.3548703,2,17,,0,
76,45030009,21.190273,4.356138,2,18,,0,
77,427779000,21.205753,4.35655,2,19,,0,
78,34063005,21.20043,4.361688,2,20,,0,
79,73173006,21.19576,4.3627477,2,21,,0,
80,166584001,21.36979,4.405868,2,22,3171,0.03,
81,128613002,21.237541,4.4235554,2,23,,0,
82,20022000,21.347502,4.5638204,2,24,,0,
83,12184005,21.473858,4.8350124,2,25,,0,
84,266257000,21.469046,4.840371,2,26,,0,
85,56170001,21.466963,4.841843,2,27,3171,0.02,
86,11934000,21.482924,4.843861,2,28,,0,
87,13045009,21.483097,4.860404,2,29,,0,
88,307221007,21.075901,5.1031084,2,30,,0,
89,6962006,21.091896,5.116676,2,31,,0,
90,276438008,21.179737,6.023399,2,32,3171,0.03,
91,102599008,21.229298,6.029432,2,33,,0,
92,309081009,21.189299,6.034698,2,34,,0,
93,89164003,21.203093,6.0350885,2,35,,0,
94,414479006,21.195652,6.038744,2,36,,0,
95,43498006,21.234215,6.0414,2,37,3171,0.04,
96,166643006,21.16238,6.049353,2,38,3171,0.01,
97,7093002,21.186613,6.0547748,2,39,,0,
98,52254009,21.180239,6.0554757,2,40,3171,0.01,
99,64779008,21.228321,6.080507,2,41,,0,
100,95570007,21.205458,6.1502585,2,42,3171,0.01,
101,74877002,21.297539,6.7702694,2,43,,0,
102,69518005,21.259926,6.8030453,2,44,,0,
103,204821009,21.256416,6.80507,2,45,,0,
104,204712000,21.264208,6.808763,2,46,,0,
105,168092006,21.228445,6.8201737,2,47,,0,
106,48287005,21.229053,6.8250465,2,48,,0,
107,414667000,21.222162,6.8253818,2,49,,0,
108,8301004,21.228441,6.832252,2,50,,0,
109,20815007,21.213614,6.8364797,2,51,,0,
110,22066006,21.097738,8.878583,2,52,,0,
111,39419009,21.116728,8.890874,2,53,,0,
112,1145003,21.09664,8.894848,2,54,,0,
113,86266009,21.072458,8.904431,2,55,,0,
114,14582003,21.07519,8.907715,2,56,,0,
115,313005,21.073818,8.909458,2,57,,0,
116,21586000,21.074617,8.919036,2,58,,0,
117,64479007,21.08368,8.926278,2,59,,0,
118,23276006,21.719782,2.8796303,3,1,,0,
119,82525005,21.714928,2.8804607,3,2,,0,
120,35882009,21.676903,2.9178638,3,3,,0,
121,198997005,21.67717,2.9184196,3,4,,0,
122,12729009,21.682201,2.9197483,3,5,,0,
123,415105001,21.667557,2.9197857,3,6,,0,
124,267199000,21.671808,2.9297457,3,7,,0,
125,237364002,21.674145,2.9343507,3,8,,0,
126,282020008,21.643646,2.944205,3,9,,0,
127,11687002,21.65334,2.9451406,3,10,,0,
128,86203003,21.639967,2.9546275,3,11,,0,
129,46635009,21.624683,2.9566305,3,12,,0,
130,47821001,21.573914,3.4420707,3,13,,0,
131,398254007,21.55272,3.4463854,3,14,,0,
132,49578007,21.578472,3.4515712,3,15,,0,
133,37356005,21.565613,3.4539125,3,16,,0,
134,237279007,21.562143,3.4575136,3,17,,0,
135,59566000,21.56905,3.459511,3,18,,0,
136,130955003,21.545725,3.4759297,3,19,,0,
137,164934002,21.610819,3.4927776,3,20,,0,
138,410431009,21.6778,3.5704947,3,21,,0,
139,397974008,21.636366,4.7274747,3,22,3171,0.07,
140,8011004,21.564268,4.8177743,3,23,,0,
141,439127006,21.501873,4.825715,3,24,3171,0.02,
142,192915005,21.494308,4.8414493,3,25,,0,
143,95666008,21.492462,4.858368,3,26,,0,
144,4069002,21.505602,4.8584757,3,27,3171,0.01,
145,274667000,21.546543,4.945096,3,28,3171,0.01,
146,230690007,21.63121,5.396685,3,29,3171,0.01,
147,23986001,21.640667,5.464439,3,30,,0,
148,86068002,21.581467,5.5108285,3,31,,0,
149,299567001,21.613329,5.5133433,3,32,,0,
150,86022000,21.661934,5.519845,3,33,,0,
151,3723001,21.61269,5.5206914,3,34,,0,
152,118952005,21.599297,5.5294867,3,35,3171,0.02,
153,422338006,21.597317,5.530044,3,36,,0,
154,363346000,21.603338,5.5411253,3,37,3171,0.01,
155,125610000,21.590933,5.547737,3,38,3171,0.01,
156,80691007,21.604284,5.550912,3,39,,0,
157,224977004,21.684174,5.637894,3,40,3171,0.01,
158,417163006,21.687895,5.674725,3,41,3171,0.01,
159,235856003,21.548174,6.5730944,3,42,3171,0.02,
160,247471006,21.719517,6.5737767,3,43,,0,
161,39898005,21.620493,6.57722,3,44,3171,0.03,
162,62014003,21.608658,6.6261024,3,45,,0,
163,71325002,21.556002,6.668298,3,46,,0,
164,40488004,21.5451,6.6717405,3,47,,0,
165,39579001,21.71749,6.677657,3,48,,0,
166,41291007,21.639587,6.6867156,3,49,,0,
167,21117005,21.650465,7.5594754,3,50,,0,
168,71286001,21.649244,7.596207,3,51,3171,0.01,
169,276622005,21.641119,7.6038675,3,52,3171,0.01,
170,78144005,21.645844,7.605766,3,53,,0,
171,61974008,21.625626,7.6064577,3,54,,0,
172,23412002,21.62882,7.611912,3,55,,0,
173,95422003,21.62181,7.614378,3,56,,0,
174,2304001,21.62486,7.6152368,3,57,,0,
175,15244003,21.612286,7.6165185,3,58,,0,
176,405501007,21.605846,7.6322794,3,59,,0,
177,397949005,21.787914,2.79939,4,1,,0,
178,87979003,21.81058,2.8139987,4,2,,0,
179,80281008,21.790396,2.8159454,4,3,,0,
180,302297009,21.777014,2.831055,4,4,,0,
181,22173004,21.768904,2.849134,4,5,,0,
182,251673004,21.73534,2.8594677,4,6,,0,
183,373413006,21.755964,2.8685896,4,7,,0,
184,56294008,21.724371,2.870657,4,8,,0,
185,89700002,21.73211,2.8762188,4,9,,0,
186,83886009,21.726864,2.8780706,4,10,,0,
187,95828007,21.727043,2.8781066,4,11,,0,
188,430933008,21.927689,3.2355216,4,12,,0,
189,249902000,21.880146,5.611244,4,13,3171,0.02,
190,22253000,22.06324,5.7888975,4,14,3171,0.21,
191,81120009,22.019768,6.0104265,4,15,,0,
192,22950006,21.98699,6.01174,4,16,,0,
193,192761004,21.981455,6.028911,4,17,,0,
194,267607008,21.962132,6.0331154,4,18,,0,
195,25374005,21.977863,6.034897,4,19,,0,
196,48880000,22.00758,6.035528,4,20,,0,
197,14619009,21.979353,6.036369,4,21,,0,
198,367391008,21.792776,6.043773,4,22,3171,0.17,
199,64996003,22.026678,6.1246133,4,23,,0,
200,271939006,22.049355,6.1516566,4,24,,0,
201,238772004,21.948645,6.204089,4,25,,0,
202,355001,21.947145,6.3009515,4,26,,0,
203,77489003,21.985638,6.314902,4,27,,0,
204,15037002,21.964882,6.317655,4,28,,0,
205,60098005,21.998562,6.3250766,4,29,,0,
206,17709002,22.001003,6.327566,4,30,,0,
207,34742003,21.996187,6.335767,4,31,,0,
208,42192008,21.978117,6.349858,4,32,,0,
209,75860007,21.983889,6.357322,4,33,3171,0.01,
210,19943007,21.981125,6.4153867,4,34,,0,
211,18628002,21.995987,7.0248814,4,35,,0,
212,81950002,21.978714,7.0279613,4,36,,0,
213,815008,22.004305,7.048534,4,37,,0,
214,93469006,22.001247,7.050952,4,38,,0,
215,4210003,22.01755,7.058018,4,39,,0,
216,128331005,22.003586,7.0593457,4,40,,0,
217,255036008,21.981333,7.060309,4,41,,0,
218,64634000,22.008982,7.0768313,4,42,,0,
219,86318000,22.055912,7.1151376,4,43,,0,
220,271813007,21.733631,7.5319853,4,44,3171,0.01,
221,262286000,22.012764,7.781771,4,45,3171,0.06,
222,302872003,21.991812,7.919866,4,46,,0,
223,4506002,21.980417,7.9222083,4,47,,0,
224,418470004,21.972174,7.9445834,4,48,,0,
225,74400008,21.975634,7.947684,4,49,,0,
226,248290002,21.949581,7.958595,4,50,,0,
227,302690004,21.947712,8.041374,4,51,,0,
228,234350007,22.070438,8.677395,4,52,,0,
229,8009008,22.08766,8.690815,4,53,,0,
230,206021007,22.084858,8.697076,4,54,,0,
231,268239009,22.066296,8.698422,4,55,,0,
232,398302004,22.06371,8.699743,4,56,,0,
233,94391008,22.079502,8.702284,4,57,,0,
234,88278002,22.06958,8.708813,4,58,,0,
235,22049009,22.047792,8.732299,4,59,,0,
236,59282003,22.257875,3.735186,5,1,3171,0.03,
237,52515009,22.425476,4.3574347,5,2,,0,
238,92296004,22.287716,4.381353,5,3,,0,
239,3135009,22.478117,4.382905,5,4,,0,
240,50563003,22.441029,4.3844714,5,5,,0,
241,386584007,22.286324,4.3916473,5,6,3171,0.01,
242,302870006,22.325134,4.3955097,5,7,,0,
243,169940006,22.317842,4.4002795,5,8,,0,
244,105480006,22.290442,4.4031134,5,9,,0,
245,38825009,22.31735,4.4032664,5,10,,0,
246,95912003,22.292774,4.403775,5,11,,0,
247,102470001,22.389889,4.504504,5,12,,0,
248,225550006,22.242615,5.0133057,5,13,,0,
249,45982008,22.27131,5.0212183,5,14,,0,
250,95361005,22.391144,5.0243535,5,15,3171,0.02,
251,283021003,22.265465,5.028835,5,16,,0,
252,23502006,22.30151,5.0288672,5,17,,0,
253,119416008,22.255955,5.0323343,5,18,,0,
254,42201002,22.260628,5.038121,5,19,3171,0.01,
255,32861005,22.283052,5.0410547,5,20,,0,
256,16814004,22.273132,5.0425234,5,21,,0,
257,21545007,22.248585,5.042677,5,22,3171,0.01,
258,66383009,22.303478,5.0494556,5,23,,0,
259,12168009,22.330345,5.049598,5,24,3171,0.07,
260,70076002,22.251776,5.0655837,5,25,3171,0.01,
261,30233002,22.276127,5.0669174,5,26,,0,
262,45534005,22.324537,5.0758867,5,27,3171,0.02,
263,4356008,22.496984,5.7938824,5,28,3171,0.01,
264,11381005,22.430422,5.833152,5,29,3171,0.04,
265,79899007,22.510227,5.8716006,5,30,3171,0.01,
266,302072004,22.521862,5.8763638,5,31,,0,
267,40504002,22.339758,6.381749,5,32,3171,0.04,
268,285242009,22.459776,6.4049883,5,33,,0,
269,299703001,22.443796,6.4063416,5,34,,0,
270,38504003,22.344667,6.409818,5,35,,0,
271,399505005,22.429958,6.427071,5,36,,0,
272,29717002,22.380459,6.4775715,5,37,,0,
273,85057007,22.110617,6.556636,5,38,,0,
274,76067001,22.154896,6.7432837,5,39,,0,
275,397746007,22.468756,6.874182,5,40,3171,0.02,
276,95891005,22.484516,6.879251,5,41,3171,0.01,
277,232035005,22.492807,6.920837,5,42,,0,
278,254837009,22.503468,6.924918,5,43,,0,
279,88111009,22.475803,6.926398,5,44,,0,
280,285432005,22.488867,6.9295797,5,45,,0,
281,75694006,22.228746,6.9613237,5,46,,0,
282,22722001,22.263824,7.2230334,5,47,3171,0.04,
283,234172002,22.368849,7.4966755,5,48,,0,
284,61372001,22.155651,7.8709726,5,49,,0,
285,94243009,22.149622,8.645764,5,50,,0,
286,88425004,22.127914,8.649618,5,51,,0,
287,398991009,22.157207,8.668963,5,52,,0,
288,298382003,22.179094,8.683892,5,53,,0,
289,94392001,22.099207,8.688363,5,54,,0,
290,204878001,22.0951,8.68902,5,55,,0,
291,81869008,22.088194,8.691814,5,56,,0,
292,6950007,22.094013,8.6925745,5,57,,0,
293,205294008,22.1008,8.713368,5,58,,0,
294,398152000,22.099663,8.716651,5,59,,0,
295,13746004,22.545176,3.8792217,6,1,,0,
296,7847004,22.597288,4.9642143,6,2,3171,0.01,
297,5758002,22.669657,5.242507,6,3,,0,
298,18116006,22.6136,5.285212,6,4,,0,
299,301863008,22.665989,5.2905173,6,5,,0,
300,61170000,22.558506,5.2920914,6,6,3171,0.26,
301,76046001,22.666613,5.324596,6,7,,0,
302,95321009,22.705667,5.36186,6,8,3171,0.03,
303,80060002,22.569578,5.413594,6,9,3171,0.01,
304,77692006,22.612501,5.786892,6,10,3171,0.02,
305,30731004,22.533386,5.8546715,6,11,3171,0.18,
306,48340000,22.56048,5.881602,6,12,3171,0.01,
307,37389005,22.52483,5.901226,6,13,,0,
308,47437004,22.556501,5.9072843,6,14,,0,
309,50438001,22.577946,5.973837,6,15,3171,0.02,
310,15803009,22.52303,5.974848,6,16,,0,
311,43364001,22.542034,6.141529,6,17,3171,0.17,
312,300848003,22.7524,6.3069687,6,18,,0,
313,60342002,22.536087,6.329993,6,19,,0,
314,14151009,22.73861,6.4657702,6,20,3171,0.05,
315,83901003,22.731312,6.4885974,6,21,,0,
316,33339001,22.716017,6.4902596,6,22,,0,
317,40720005,22.711306,6.511166,6,23,,0,
318,387666006,22.710367,6.52464,6,24,,0,
319,15188001,22.716698,6.5337224,6,25,3171,0.05,
320,95668009,22.72444,6.5381994,6,26,,0,
321,49650001,22.75216,6.990719,6,27,3171,0.06,
322,30746006,22.626478,7.0545115,6,28,3171,0.01,
323,287731003,22.650127,7.0865602,6,29,,0,
324,278849000,22.649363,7.104166,6,30,,0,
325,43064006,22.595762,7.109076,6,31,,0,
326,22994000,22.605152,7.1192536,6,32,,0,
327,16294009,22.569902,7.119698,6,33,,0,
328,277605001,22.59505,7.1319036,6,34,,0,
329,19829001,22.607168,7.143556,6,35,3171,0.01,
330,127154008,22.626854,7.144566,6,36,,0,
331,14140009,22.697927,7.1464024,6,37,3171,0.01,
332,35885006,22.634743,7.1475387,6,38,,0,
333,5291005,22.725595,7.157271,6,39,,0,
334,20165001,22.601896,7.1935625,6,40,,0,
335,91302008,22.592123,7.6399646,6,41,,0,
336,197270009,22.682745,7.6516733,6,42,,0,
337,65710008,22.598595,7.787651,6,43,,0,
338,49436004,22.597597,7.7906346,6,44,,0,
339,410430005,22.617592,7.7978816,6,45,,0,
340,70572005,22.633408,7.8156652,6,46,,0,
341,28944009,22.59906,7.828653,6,47,,0,
342,55525008,22.62466,7.843376,6,48,,0,
343,44088000,22.64228,7.8455257,6,49,,0,
344,89138009,22.653961,7.8513036,6,50,,0,
345,57653000,22.643053,7.856396,6,51,,0,
346,371632003,22.745426,8.108865,6,52,3171,0.01,
347,73320003,22.75489,8.3541,6,53,,0,
348,202882003,22.753048,9.505336,6,54,,0,
349,59038002,22.760496,9.506615,6,55,,0,
350,65761003,22.757286,9.50965,6,56,,0,
351,312110005,22.756334,9.510364,6,57,,0,
352,30144000,22.74086,9.517385,6,58,,0,
353,128241005,22.745848,9.522926,6,59,3171,0.01,
354,109989006,22.856876,4.3396997,7,1,,0,
355,31871009,22.847523,4.3645387,7,2,,0,
356,75100008,22.794313,4.380417,7,3,,0,
357,105629000,22.789785,4.383194,7,4,,0,
358,74333002,22.894972,4.391868,7,5,,0,
359,13600006,22.899887,4.3930907,7,6,,0,
360,281794004,22.85235,4.3959193,7,7,,0,
361,45261009,22.856018,4.3989596,7,8,,0,
362,33659008,22.799334,4.4003835,7,9,,0,
363,285302001,22.805904,4.4078374,7,10,,0,
364,20558004,22.822443,4.408725,7,11,,0,
365,60492000,22.868488,4.4143276,7,12,,0,
366,371073003,22.806559,4.4149733,7,13,,0,
367,15805002,22.824356,4.4158573,7,14,,0,
368,20673009,22.838665,4.416136,7,15,,0,
369,1532007,22.821798,4.417749,7,16,,0,
370,235605005,22.8142,4.423194,7,17,,0,
371,17542004,22.871584,4.4232273,7,18,,0,
372,38101003,22.855963,4.4318924,7,19,,0,
373,94147001,22.85055,4.4435368,7,20,,0,
374,414941008,22.86358,4.444751,7,21,,0,
375,63198006,22.864727,4.4447556,7,22,,0,
376,80967001,22.88183,4.4476857,7,23,3171,0.01,
377,45816000,22.86223,4.4631214,7,24,,0,
378,402938009,22.805601,4.5880513,7,25,,0,
379,399912005,22.762613,4.6101513,7,26,3171,0.02,
380,235019006,22.848305,5.2126913,7,27,,0,
381,73442001,22.811626,5.250611,7,28,,0,
382,396325007,22.803812,5.3467827,7,29,,0,
383,423902002,22.847761,5.3473997,7,30,,0,
384,60113004,22.825764,5.365421,7,31,,0,
385,414663001,22.876276,5.368876,7,32,3171,0.01,
386,86276007,22.78656,5.404673,7,33,3171,0.03,
387,70153002,22.856462,5.5647793,7,34,3171,0.04,
388,238108007,22.900356,5.6239924,7,35,,0,
389,247348008,22.84706,6.4517026,7,36,3171,0.01,
390,90673000,22.769938,6.5079703,7,37,3171,0.03,
391,31681005,22.762548,6.55428,7,38,,0,
392,231543005,22.806696,6.5692987,7,39,3171,0.04,
393,17322007,22.852596,6.604424,7,40,3171,0.03,
394,84801008,22.875011,6.6996484,7,41,,0,
395,44018007,22.87672,7.247042,7,42,,0,
396,427044009,22.847132,7.264011,7,43,,0,
397,8765009,22.808214,7.2721915,7,44,3171,0.02,
398,191357009,22.858887,7.2762666,7,45,,0,
399,167239007,22.868189,7.278847,7,46,3171,0.07,
400,18165001,22.812452,7.318043,7,47,3171,0.04,
401,197171003,22.882927,7.5359745,7,48,,0,
402,51387008,22.815191,7.586819,7,49,,0,
403,423590009,22.783384,7.625514,7,50,,0,
404,59455009,22.766138,7.9918284,7,51,,0,
405,284006002,22.882025,8.106234,7,52,,0,
406,63739005,22.839766,8.195937,7,53,,0,
407,86684002,22.88082,8.281254,7,54,,0,
408,80954004,22.822218,8.323607,7,55,,0,
409,405754008,22.764973,9.4974,7,56,,0,
410,90460009,22.77563,9.498968,7,57,,0,
411,427461000,22.87726,9.500673,7,58,3171,0.01,
412,88320008,22.765152,9.515841,7,59,,0,
413,441457006,23.116219,3.2114136,8,1,,0,
414,72405004,23.12401,4.250007,8,2,3171,0.02,
415,75803007,22.945726,4.2984643,8,3,3171,0.01,
416,109979007,23.028067,4.3010225,8,4,,0,
417,253001006,22.908947,4.4289126,8,5,,0,
418,63532004,22.919483,4.473523,8,6,,0,
419,387637008,22.989641,4.485504,8,7,,0,
420,428281000,22.911734,4.4923215,8,8,,0,
421,24079001,23.032515,4.566006,8,9,,0,
422,405737000,22.975187,4.6723104,8,10,,0,
423,300885006,23.000555,4.765625,8,11,,0,
424,118601006,23.028757,4.82372,8,12,,0,
425,359610006,23.118095,4.8443065,8,13,,0,
426,118599009,23.058239,4.866936,8,14,,0,
427,238788004,23.123951,4.9497447,8,15,,0,
428,95393002,23.126627,4.9557953,8,16,,0,
429,53597009,23.124489,4.9588413,8,17,,0,
430,41652007,22.956537,5.13716,8,18,3171,0.01,
431,36715001,22.90813,5.2940483,8,19,,0,
432,417237009,23.056995,5.3372207,8,20,3171,0.13,
433,95930005,22.995203,5.45589,8,21,,0,
434,34436003,22.98408,5.5624495,8,22,3171,0.04,
435,95324001,22.975279,5.5983005,8,23,3171,0.03,
436,62315008,23.075548,5.6037297,8,24,3171,0.58,
437,267024001,23.056234,5.6484737,8,25,3171,0.36,
438,422587007,23.111433,5.664497,8,26,3171,0.46,
439,386211005,23.05042,5.674968,8,27,3171,0.23,
440,271669001,23.025864,5.7007833,8,28,3171,0.01,
441,79890006,22.98496,5.7056804,8,29,3171,0.56,
442,21522001,23.048828,5.713536,8,30,3171,0.23,
443,16761005,23.012785,5.758456,8,31,,0,
444,81060008,23.082819,5.926834,8,32,3171,0.02,
445,45352006,22.925262,5.936744,8,33,3171,0.02,
446,128060009,22.942553,5.9537725,8,34,,0,
447,87866006,23.124989,5.9776764,8,35,,0,
448,25766007,23.12213,6.0545435,8,36,,0,
449,254701007,23.122822,6.249764,8,37,3171,0.01,
450,201307004,22.975798,6.260452,8,38,,0,
451,65958008,23.006369,6.3054466,8,39,3171,0.03,
452,78104003,23.069675,6.3158903,8,40,,0,
453,56940005,23.092375,6.3874674,8,41,3171,0.02,
454,128518001,23.032001,6.4975452,8,42,,0,
455,34713006,23.04196,6.8838277,8,43,,0,
456,271618001,23.10705,6.896271,8,44,3171,0.06,
457,73211009,22.944263,6.897541,8,45,3171,0.01,
458,119247004,22.981583,6.966323,8,46,3171,0.04,
459,239161005,23.016129,6.9933968,8,47,,0,
460,85638002,22.984852,7.043451,8,48,,0,
461,58126003,22.954723,7.044406,8,49,,0,
462,90688005,23.000946,7.045768,8,50,,0,
463,8900005,22.974035,7.103229,8,51,,0,
464,366242006,23.014906,7.2441773,8,52,3171,0.02,
465,15902003,22.92191,7.994852,8,53,,0,
466,414027002,22.967337,8.005562,8,54,3171,0.03,
467,95455008,22.944675,8.02466,8,55,,0,
468,297156001,22.941416,8.02675,8,56,,0,
469,240131006,22.977993,8.279237,8,57,,0,
470,991002,22.912994,8.321733,8,58,,0,
471,38751004,23.007345,8.378626,8,59,,0,
472,309838005,23.274584,2.5870955,9,1,3171,0.01,
473,118185001,23.245872,2.5914009,9,2,,0,
474,68890003,23.276506,2.5964382,9,3,,0,
475,191736004,23.27535,2.598069,9,4,,0,
476,25501002,23.27575,2.5995088,9,5,,0,
477,88610006,23.27461,2.60035,9,6,,0,
478,83482000,23.279959,2.6011052,9,7,,0,
479,408856003,23.25994,2.614872,9,8,,0,
480,74732009,23.212112,2.6262882,9,9,3171,0.01,
481,8619003,23.177921,3.1206937,9,10,,0,
482,197834003,23.173496,3.1271992,9,11,,0,
483,56265001,23.188494,3.1277392,9,12,3171,0.01,
484,399294002,23.146057,3.1465554,9,13,,0,
485,71922006,23.144165,3.1474297,9,14,3171,0.01,
486,129103003,23.142925,3.1510227,9,15,,0,
487,79883001,23.168156,3.1539447,9,16,,0,
488,362968007,23.153318,3.174085,9,17,,0,
489,386617003,23.231123,3.2310088,9,18,3171,0.03,
490,109969005,23.24319,4.1664,9,19,,0,
491,300331000,23.140585,4.2786045,9,20,,0,
492,266579006,23.167717,4.4845185,9,21,,0,
493,111843007,23.201462,4.505564,9,22,3171,0.01,
494,95385002,23.152739,4.9608335,9,23,,0,
495,205237003,23.19465,5.0822253,9,24,,0,
496,409089005,23.272686,5.105946,9,25,,0,
497,80350001,23.138645,5.1086364,9,26,3171,0.02,
498,165517008,23.237291,5.1416574,9,27,3171,0.01,
499,84828003,23.233294,5.2065444,9,28,3171,0.09,
500,271737000,23.270157,5.323936,9,29,3171,0.13,
501,386661006,23.238558,5.455392,9,30,3171,0.12,
502,301364008,23.158772,5.5359974,9,31,3171,0.01,
503,422400008,23.141184,5.6113324,9,32,3171,0.36,
504,46742003,23.196434,5.9350033,9,33,,0,
505,267044007,23.165865,5.9756064,9,34,3171,0.02,
506,274950005,23.18954,5.9853706,9,35,,0,
507,60238002,23.18048,6.024661,9,36,,0,
508,274523007,23.206219,6.0379424,9,37,,0,
509,53827007,23.129412,6.045311,9,38,,0,
510,26544005,23.174395,6.50782,9,39,3171,0.11,
511,31541009,23.163193,6.863854,9,40,,0,
512,64859006,23.226976,6.93023,9,41,3171,0.01,
513,77768006,23.15353,6.936605,9,42,,0,
514,200936003,23.172571,6.959959,9,43,,0,
515,76069003,23.18352,7.016085,9,44,,0,
516,54768000,23.218592,7.6425757,9,45,,0,
517,371596008,23.242014,7.6567626,9,46,,0,
518,95883001,23.20952,7.7009516,9,47,,0,
519,102618009,23.199057,7.713779,9,48,,0,
520,13595002,23.200285,7.723205,9,49,,0,
521,14669001,23.244192,8.04838,9,50,3171,0.01,
522,414478003,23.227247,8.370383,9,51,,0,
523,14783006,23.206532,8.473315,9,52,,0,
524,51868009,23.230995,8.475567,9,53,,0,
525,57748001,23.233168,8.483999,9,54,,0,
526,45154002,23.233301,8.491544,9,55,,0,
527,59274003,23.184946,8.496521,9,56,,0,
528,30811009,23.26214,8.502963,9,57,3171,0.01,
529,82313006,23.238571,8.52965,9,58,,0,
530,55833001,23.217482,9.162324,9,59,,0,
531,64415008,23.398548,2.5055768,10,1,,0,
532,48500005,23.288252,2.6044056,10,2,,0,
533,45912004,23.287945,2.6283374,10,3,3171,0.01,
534,69322001,23.32479,2.630018,10,4,,0,
535,422426003,23.366968,4.1893587,10,5,,0,
536,42134006,23.292095,4.228584,10,6,,0,
537,95315005,23.425882,4.3239884,10,7,,0,
538,55222007,23.285074,4.352351,10,8,,0,
539,60862001,23.39577,4.6331816,10,9,,0,
540,271801002,23.36204,4.898005,10,10,3171,0.43,
541,131148009,23.425142,5.1619396,10,11,3171,0.02,
542,40275004,23.426956,5.278278,10,12,,0,
543,271807003,23.346796,5.299159,10,13,3171,0.19,
544,274165007,23.447718,5.4620504,10,14,,0,
545,43724002,23.335558,5.583883,10,15,3171,0.08,
546,90834002,23.446774,5.670311,10,16,3171,0.24,
547,13791008,23.425203,5.7800393,10,17,3171,0.35,
548,271795006,23.414011,5.7934337,10,18,3171,0.67,
549,196075003,23.43926,5.9136696,10,19,,0,
550,312230002,23.354984,6.0342636,10,20,3171,0.03,
551,40739000,23.28362,6.062365,10,21,3171,0.03,
552,271825005,23.410675,6.0728254,10,22,,0,
553,118222006,23.322289,6.297488,10,23,,0,
554,396230008,23.285263,6.3231936,10,24,,0,
555,48409008,23.347816,6.325166,10,25,,0,
556,34319007,23.354753,6.3682737,10,26,,0,
557,23238000,23.397749,6.53826,10,27,,0,
558,236570004,23.376913,6.5629067,10,28,,0,
559,22255007,23.378925,6.566102,10,29,,0,
560,424580008,23.39325,6.568563,10,30,,0,
561,398838000,23.422377,6.59075,10,31,,0,
562,276819005,23.413202,6.5929356,10,32,,0,
563,126660000,23.385996,6.594348,10,33,,0,
564,309088003,23.38526,6.6122575,10,34,,0,
565,400097005,23.408108,6.624931,10,35,,0,
566,263134008,23.388773,6.6310105,10,36,,0,
567,233604007,23.33852,7.048558,10,37,3171,0.08,
568,55822004,23.426954,7.0820174,10,38,,0,
569,1023001,23.382261,7.453671,10,39,,0,
570,6456007,23.413113,7.862346,10,40,,0,
571,236514003,23.414335,7.873255,10,41,,0,
572,82196007,23.444782,7.902702,10,42,,0,
573,25569003,23.31189,7.9630523,10,43,,0,
574,45007003,23.329275,7.9760175,10,44,3171,0.1,
575,58780002,23.43823,7.98322,10,45,,0,
576,44376007,23.303959,9.333562,10,46,,0,
577,26416006,23.37117,9.54947,10,47,,0,
578,92260003,23.384653,9.562576,10,48,,0,
579,201144006,23.37805,9.579522,10,49,,0,
580,69244009,23.393461,9.58572,10,50,3171,0.02,
581,274858002,23.424139,9.587939,10,51,,0,
582,11314008,23.394325,9.590558,10,52,,0,
583,249829006,23.401342,9.592257,10,53,,0,
584,58436003,23.378664,9.595576,10,54,,0,
585,95360006,23.413248,9.6063175,10,55,,0,
586,399939002,23.409138,9.607371,10,56,,0,
587,80182007,23.40813,9.61007,10,57,,0,
588,118254002,23.42458,9.614247,10,58,,0,
589,41427001,23.402912,9.614433,10,59,,0,
590,284075002,23.574802,3.6169407,11,1,,0,
591,48661000,23.584366,3.6246686,11,2,,0,
592,289524006,23.585217,3.6275432,11,3,,0,
593,20824003,23.580248,3.6371934,11,4,,0,
594,12337004,23.480114,4.0895114,11,5,,0,
595,54302000,23.483578,4.1642833,11,6,,0,
596,386692008,23.565477,4.374427,11,7,,0,
597,238968009,23.5844,4.39737,11,8,3171,0.01,
598,235025005,23.590487,4.4604907,11,9,,0,
599,237557003,23.545834,4.580616,11,10,,0,
600,95524000,23.5121,4.5944905,11,11,,0,
601,41256004,23.454422,4.6143384,11,12,,0,
602,61296009,23.556524,4.660039,11,13,,0,
603,32230006,23.537992,4.6783204,11,14,,0,
604,87715008,23.513676,4.6829524,11,15,3171,0.15,
605,267056008,23.578516,4.6936364,11,16,,0,
606,75183008,23.566927,4.7016435,11,17,3171,0.01,
607,36269003,23.498558,4.76896,11,18,,0,
608,126485001,23.523106,4.888794,11,19,,0,
609,279333002,23.5697,5.041071,11,20,3171,0.14,
610,43116000,23.54974,5.0542655,11,21,3171,0.01,
611,271767006,23.539236,5.0937657,11,22,3171,0.17,
612,212400009,23.477459,5.295306,11,23,3171,0.01,
613,238810007,23.456232,5.3119583,11,24,,0,
614,276322001,23.52341,5.3560767,11,25,,0,
615,284220000,23.485052,5.372275,11,26,,0,
616,34887006,23.560917,5.396279,11,27,,0,
617,5370000,23.456455,5.4276505,11,28,,0,
618,230461009,23.5118,5.621132,11,29,3171,0.19,
619,302227002,23.482124,5.632553,11,30,,0,
620,34095006,23.449465,5.7205706,11,31,3171,0.14,
621,247441003,23.580252,5.7397237,11,32,3171,0.12,
622,240205003,23.56595,5.9578505,11,33,,0,
623,68962001,23.493187,6.0888515,11,34,3171,0.04,
624,389026000,23.532495,6.1854477,11,35,3171,0.06,
625,57054005,23.495333,6.2212377,11,36,,0,
626,26322001,23.589336,6.229119,11,37,,0,
627,36955009,23.45875,6.263469,11,38,3171,0.2,
628,60046008,23.485046,6.305306,11,39,3171,0.06,
629,279069000,23.506147,6.314406,11,40,3171,0.04,
630,93448009,23.545446,6.4755335,11,41,,0,
631,235595009,23.568718,6.4943786,11,42,3171,0.14,
632,274718005,23.504292,6.5928893,11,43,,0,
633,263126002,23.457083,6.6086183,11,44,,0,
634,40070004,23.455515,6.6278377,11,45,,0,
635,235675006,23.488047,7.394482,11,46,,0,
636,262909002,23.46252,7.4532695,11,47,,0,
637,66978005,23.46876,7.456148,11,48,,0,
638,87317003,23.49844,7.458081,11,49,,0,
639,76571007,23.490412,7.469667,11,50,,0,
640,35688006,23.4623,7.4722486,11,51,,0,
641,17940001,23.489758,7.5030427,11,52,,0,
642,212970002,23.549597,7.671361,11,53,,0,
643,165543009,23.545807,7.8725286,11,54,,0,
644,64226004,23.507143,7.9097137,11,55,,0,
645,44103008,23.48063,8.821805,11,56,,0,
646,59037007,23.54836,9.246842,11,57,3171,0.01,
647,64144002,23.514755,9.4885,11,58,3171,0.01,
648,116223007,23.481411,9.586929,11,59,,0,
649,64177003,23.717093,2.1961763,12,1,,0,
650,281610001,23.71682,2.1966717,12,2,,0,
651,197870000,23.607145,3.6025555,12,3,,0,
652,79231000,23.592514,3.628274,12,4,,0,
653,95354006,23.599632,4.4604053,12,5,,0,
654,95744009,23.646858,4.477028,12,6,,0,
655,193894004,23.613926,4.5006495,12,7,,0,
656,409668002,23.62477,4.5560484,12,8,,0,
657,128210009,23.59112,4.61579,12,9,,0,
658,77547008,23.66426,4.6217155,12,10,,0,
659,68550008,23.646141,5.104919,12,11,,0,
660,16386004,23.711224,5.226305,12,12,3171,0.2,
661,302215000,23.652452,5.2916694,12,13,3171,0.07,
662,271594007,23.598553,5.389818,12,14,3171,0.05,
663,12584003,23.662273,5.453319,12,15,3171,0.02,
664,404640003,23.637133,5.685698,12,16,3171,0.18,
665,246636008,23.69172,5.8146677,12,17,3171,0.02,
666,166745009,23.683025,5.914691,12,18,,0,
667,127034005,23.664755,6.0184526,12,19,3171,0.01,
668,36118008,23.676882,6.0609846,12,20,,0,
669,16838000,23.62645,6.0704875,12,21,,0,
670,8510008,23.605812,6.1105227,12,22,,0,
671,367423000,23.655039,6.1272783,12,23,,0,
672,57676002,23.678377,6.23914,12,24,3171,0.08,
673,29857009,23.706388,6.252466,12,25,3171,0.06,
674,108365000,23.696888,6.5231028,12,26,,0,
675,7973008,23.601614,6.5629287,12,27,3171,0.04,
676,87860000,23.611164,6.6976995,12,28,,0,
677,17467004,23.64837,6.704703,12,29,,0,
678,396275006,23.62305,6.78079,12,30,,0,
679,44054006,23.631376,6.853123,12,31,,0,
680,415126001,23.700232,6.8542566,12,32,,0,
681,38822007,23.678528,6.8783746,12,33,,0,
682,433234005,23.600203,6.8922663,12,34,,0,
683,57406009,23.635923,6.9021397,12,35,,0,
684,38341003,23.609333,6.954584,12,36,3171,0.13,
685,26929004,23.622503,6.9564705,12,37,,0,
686,8186001,23.639605,7.1376595,12,38,,0,
687,127035006,23.712515,7.4583917,12,39,,0,
688,43478001,23.649128,7.698326,12,40,,0,
689,57182000,23.689108,7.768997,12,41,,0,
690,33995003,23.66373,7.8011384,12,42,,0,
691,67782005,23.598001,7.900802,12,43,,0,
692,417186004,23.617126,8.0673685,12,44,,0,
693,88092000,23.717926,8.088789,12,45,,0,
694,95281009,23.703348,8.909283,12,46,,0,
695,371077002,23.663216,8.911036,12,47,,0,
696,37657006,23.703667,8.913266,12,48,,0,
697,44808001,23.602758,8.917792,12,49,,0,
698,40055000,23.69301,8.92444,12,50,,0,
699,64715009,23.674593,8.927005,12,51,,0,
700,414024009,23.696335,8.927387,12,52,,0,
701,84089009,23.701853,8.928706,12,53,,0,
702,84027009,23.672375,8.935091,12,54,,0,
703,33420007,23.666245,8.938618,12,55,,0,
704,422504002,23.670479,8.940213,12,56,,0,
705,49710005,23.677113,8.941039,12,57,,0,
706,190634004,23.655375,8.956498,12,58,,0,
707,13200003,23.662989,8.960807,12,59,,0,
708,56675007,23.737957,2.1747775,13,1,,0,
709,46775006,23.736034,2.1790552,13,2,,0,
710,70142008,23.73372,2.1796489,13,3,,0,
711,52767006,23.733835,2.1803248,13,4,,0,
712,422773005,23.727814,2.1825683,13,5,,0,
713,366323009,23.753542,2.1844718,13,6,,0,
714,70995007,23.719206,2.197758,13,7,,0,
715,50792001,23.82104,4.3891816,13,8,,0,
716,201066002,23.823433,4.504503,13,9,,0,
717,14302001,23.799158,4.5848007,13,10,,0,
718,18265008,23.768156,4.7117405,13,11,,0,
719,279425004,23.736477,4.7301435,13,12,3171,0.01,
720,75864003,23.774776,4.7452664,13,13,,0,
721,373932008,23.861372,4.8081098,13,14,3171,0.01,
722,84584008,23.838442,5.0710073,13,15,,0,
723,48277006,23.824478,5.0839276,13,16,,0,
724,50582007,23.762056,5.128766,13,17,,0,
725,271558008,23.75946,5.167247,13,18,,0,
726,385494008,23.864042,5.219404,13,19,,0,
727,278528006,23.739714,5.234283,13,20,3171,0.07,
728,421262002,23.852745,5.261509,13,21,3171,0.01,
729,128045006,23.830997,5.267998,13,22,,0,
730,29658002,23.756252,5.441639,13,23,3171,0.01,
731,80313002,23.813887,5.5574474,13,24,3171,0.02,
732,193570009,23.831566,5.6338205,13,25,3171,0.02,
733,53181008,23.760235,5.723491,13,26,3171,0.01,
734,363732003,23.835867,5.792207,13,27,,0,
735,95436008,23.764202,5.805853,13,28,,0,
736,371405004,23.854374,5.814876,13,29,,0,
737,53741008,23.862986,6.1389956,13,30,,0,
738,106048009,23.849125,6.169309,13,31,3171,0.17,
739,80394007,23.767069,6.2470293,13,32,3171,0.07,
740,43339004,23.784445,6.252801,13,33,,0,
741,80068009,23.80845,6.6403337,13,34,3171,0.05,
742,55442000,23.855219,6.687008,13,35,,0,
743,111270009,23.835815,6.8132677,13,36,,0,
744,56018004,23.869888,6.8706326,13,37,,0,
745,95460007,23.866154,7.00992,13,38,,0,
746,300344005,23.763819,7.0747204,13,39,,0,
747,63593006,23.79557,7.081357,13,40,,0,
748,3855007,23.771032,7.09659,13,41,,0,
749,59118001,23.71862,7.116138,13,42,,0,
750,274531002,23.780611,7.144583,13,43,,0,
751,68052005,23.73859,7.1973376,13,44,,0,
752,254878006,23.878359,7.6440406,13,45,,0,
753,410429000,23.80993,8.142717,13,46,,0,
754,238888007,23.727467,8.147864,13,47,,0,
755,421807004,23.760433,8.16993,13,48,,0,
756,49601007,23.749989,8.181343,13,49,,0,
757,72300008,23.77678,8.182724,13,50,,0,
758,166603001,23.816261,8.188983,13,51,,0,
759,7881005,23.776396,8.193615,13,52,,0,
760,29738008,23.783863,8.212031,13,53,3171,0.03,
761,71908006,23.813534,8.636218,13,54,,0,
762,63251006,23.794237,8.651167,13,55,,0,
763,563001,23.718323,8.732255,13,56,,0,
764,63467002,23.726124,8.752453,13,57,,0,
765,443820000,23.733343,8.895675,13,58,3171,0.03,
766,397825006,23.848698,8.98322,13,59,,0,
767,111287006,23.976347,2.3223631,14,1,,0,
768,16001004,23.994534,4.4889426,14,2,,0,
769,27355003,24.038046,4.5059114,14,3,3171,0.02,
770,54385001,23.939846,4.5148115,14,4,,0,
771,398057008,24.044975,4.530196,14,5,,0,
772,29847008,23.964281,4.5509753,14,6,,0,
773,95525004,24.03342,4.6169605,14,7,,0,
774,50921008,23.906916,4.646623,14,8,,0,
775,274093008,23.927801,4.663276,14,9,,0,
776,74627003,23.929,5.192541,14,10,,0,
777,416462003,23.891268,5.198102,14,11,3171,0.02,
778,398909004,23.976635,5.244827,14,12,,0,
779,2129002,23.93882,5.2725596,14,13,,0,
780,233607000,23.918938,5.5462847,14,14,,0,
781,83547004,24.018267,5.5658436,14,15,,0,
782,102660008,23.938643,5.90041,14,16,,0,
783,302896008,23.962986,5.901546,14,17,3171,0.01,
784,281245003,23.889118,5.904852,14,18,3171,0.01,
785,37796009,23.944027,5.9267554,14,19,3171,0.01,
786,89488007,23.965324,5.950565,14,20,,0,
787,93478000,23.909437,5.9679976,14,21,,0,
788,70323002,23.933504,6.0450225,14,22,,0,
789,29555009,23.955658,6.0888124,14,23,,0,
790,11851006,24.039948,6.10797,14,24,,0,
791,23406007,23.969349,6.1299863,14,25,,0,
792,298380006,24.035475,6.1420426,14,26,,0,
793,74776002,23.937317,6.149519,14,27,,0,
794,125605004,24.005745,6.3374324,14,28,,0,
795,191816009,24.042727,6.5266585,14,29,,0,
796,84445001,23.924587,6.553068,14,30,,0,
797,162116003,23.999111,6.5794315,14,31,3171,0.02,
798,83561009,23.909704,6.6486554,14,32,,0,
799,62744007,23.887917,6.6738405,14,33,,0,
800,48724000,24.003143,6.6811485,14,34,,0,
801,42341009,23.989183,6.704589,14,35,,0,
802,40930008,23.923332,6.7364845,14,36,3171,0.06,
803,52559000,23.886114,6.7464194,14,37,,0,
804,85769006,23.931238,6.8750224,14,38,,0,
805,44169009,23.981157,6.9093843,14,39,,0,
806,372244006,24.038242,7.3656745,14,40,,0,
807,109995007,23.929846,7.451788,14,41,,0,
808,36427004,24.036299,7.5024,14,42,,0,
809,30415006,23.960217,7.586574,14,43,,0,
810,17769000,23.900948,7.6022277,14,44,,0,
811,54556006,23.962685,7.60567,14,45,,0,
812,86142006,24.014511,7.606025,14,46,,0,
813,95663000,23.97697,7.6136236,14,47,,0,
814,363349007,23.937475,7.618477,14,48,,0,
815,415111003,23.935051,7.6187363,14,49,,0,
816,93984006,23.964046,7.62086,14,50,,0,
817,91861009,24.030266,7.6213956,14,51,,0,
818,254637007,23.958029,7.6273017,14,52,,0,
819,53889007,23.97247,7.6277957,14,53,,0,
820,129154003,23.956804,7.629747,14,54,,0,
821,362969004,23.93482,7.6337175,14,55,,0,
822,76272004,23.960794,7.644694,14,56,,0,
823,126498005,23.930153,7.6478777,14,57,,0,
824,12676007,23.961187,7.6528926,14,58,,0,
825,73430006,24.039215,8.964529,14,59,,0,
826,399020009,24.111397,1.1876831,15,1,,0,
827,164947007,24.128462,1.209942,15,2,,0,
828,266249003,24.140474,1.2133402,15,3,,0,
829,398049005,24.151215,1.2244707,15,4,,0,
830,22447003,24.153133,1.2276368,15,5,,0,
831,74021003,24.13835,1.2283579,15,6,,0,
832,12377007,24.1525,1.2298573,15,7,,0,
833,86003009,24.151054,1.2343991,15,8,,0,
834,371040005,24.159327,1.234457,15,9,,0,
835,95837007,24.155031,1.2368392,15,10,,0,
836,83130006,24.162184,1.238255,15,11,,0,
837,195042002,24.161783,1.2385526,15,12,,0,
838,89141000,24.158287,1.2389399,15,13,,0,
839,82608003,24.162535,1.259663,15,14,,0,
840,234349007,24.172642,1.2653642,15,15,,0,
841,27885002,24.18949,1.2749004,15,16,,0,
842,415295002,24.174654,1.2810649,15,17,,0,
843,240706001,24.085775,3.328709,15,18,,0,
844,198130006,24.160217,3.3644526,15,19,,0,
845,237080002,24.180668,3.376301,15,20,,0,
846,373722006,24.180902,3.39734,15,21,,0,
847,64206003,24.173878,3.4079921,15,22,,0,
848,198216009,24.187151,3.426937,15,23,,0,
849,125637003,24.172022,3.4722273,15,24,,0,
850,28783002,24.184603,3.4726942,15,25,,0,
851,67181005,24.187296,3.4916053,15,26,,0,
852,7822001,24.192764,3.5015335,15,27,,0,
853,59621000,24.082287,4.126095,15,28,,0,
854,370143000,24.132713,4.1292114,15,29,,0,
855,129565002,24.153255,4.1297593,15,30,,0,
856,16685009,24.097843,4.145003,15,31,,0,
857,49472006,24.103767,4.150935,15,32,,0,
858,248311001,24.062803,4.156788,15,33,,0,
859,86406008,24.08364,4.1630588,15,34,,0,
860,67967009,24.05846,4.1824436,15,35,,0,
861,47270006,24.067327,4.192895,15,36,,0,
862,28651003,24.151205,4.195189,15,37,,0,
863,247347003,24.063816,4.66942,15,38,3171,0.02,
864,365929007,24.10609,4.6842766,15,39,3171,0.01,
865,43029002,24.129423,5.43193,15,40,,0,
866,441960006,24.100847,5.4653463,15,41,3171,0.01,
867,275498002,24.105263,5.7850914,15,42,,0,
868,51476001,24.052969,5.8029976,15,43,3171,0.05,
869,301126002,24.089777,6.064194,15,44,3171,0.01,
870,161891005,24.049444,6.073785,15,45,3171,0.17,
871,3253007,24.082317,6.165627,15,46,3171,0.06,
872,49727002,24.071964,6.335731,15,47,3171,0.15,
873,111224002,24.052702,6.4554057,15,48,3171,0.01,
874,111244008,24.093184,6.471238,15,49,,0,
875,16114001,24.081135,6.5051064,15,50,,0,
876,31978002,24.106531,6.5183673,15,51,,0,
877,126952004,24.155107,6.538136,15,52,,0,
878,103272004,24.104328,6.935684,15,53,,0,
879,49765009,24.082981,6.953019,15,54,,0,
880,419835002,24.193691,6.9657016,15,55,3171,0.16,
881,77674003,24.079895,7.0041475,15,56,,0,
882,3716002,24.170092,7.805361,15,57,,0,
883,248332009,24.121073,8.540827,15,58,3171,0.02,
884,13645005,24.180738,8.790156,15,59,,0,
885,373945007,24.324226,2.6443624,16,1,,0,
886,213082003,24.222656,3.33927,16,2,,0,
887,82639001,24.203812,3.4315097,16,3,,0,
888,244938009,24.209232,3.4571877,16,4,,0,
889,17433009,24.19929,3.4641678,16,5,,0,
890,37610005,24.203049,3.47196,16,6,,0,
891,30506002,24.21265,3.4728284,16,7,,0,
892,5089007,24.244051,3.483361,16,8,,0,
893,6738008,24.259277,3.4866319,16,9,,0,
894,73391008,24.216412,3.4896083,16,10,,0,
895,95598005,24.19751,3.4928021,16,11,,0,
896,314631008,24.22074,3.4985278,16,12,,0,
897,6561007,24.234015,3.506283,16,13,,0,
898,63339007,24.302578,3.555305,16,14,,0,
899,2472002,24.283129,4.7280636,16,15,,0,
900,78129009,24.276705,4.7355523,16,16,,0,
901,409702008,24.266365,4.739462,16,17,,0,
902,79520009,24.271852,4.745931,16,18,,0,
903,84869007,24.249735,4.7495637,16,19,,0,
904,61261009,24.30022,4.779632,16,20,,0,
905,11092001,24.244864,4.792056,16,21,,0,
906,82297005,24.214024,5.2114763,16,22,,0,
907,127013003,24.322302,5.2693286,16,23,,0,
908,4855003,24.319296,5.342677,16,24,,0,
909,95353000,24.294344,5.6403346,16,25,,0,
910,235677003,24.262215,5.645903,16,26,,0,
911,43878008,24.271204,5.6476526,16,27,,0,
912,73120006,24.311491,5.6499968,16,28,,0,
913,95517001,24.279358,5.6518116,16,29,,0,
914,312391003,24.279428,5.6663275,16,30,,0,
915,60475009,24.235569,5.7397823,16,31,,0,
916,48447003,24.231062,5.740512,16,32,,0,
917,83291003,24.196507,5.752176,16,33,,0,
918,389088001,24.233652,5.804449,16,34,,0,
919,422088007,24.291475,5.8294535,16,35,,0,
920,28743005,24.262821,5.845828,16,36,3171,0.05,
921,235719002,24.323809,6.0544257,16,37,3171,0.01,
922,405729008,24.198353,6.081072,16,38,3171,0.01,
923,190855004,24.2131,6.10959,16,39,,0,
924,233703007,24.292322,6.148217,16,40,,0,
925,58729003,24.314976,6.1514764,16,41,,0,
926,83421005,24.279377,6.3355536,16,42,,0,
927,24693007,24.203629,6.5384555,16,43,3171,0.01,
928,22298006,24.212883,6.6287994,16,44,3171,0.02,
929,94222008,24.239609,6.8936353,16,45,,0,
930,37280007,24.195347,7.01215,16,46,,0,
931,263253007,24.22392,7.271423,16,47,,0,
932,45177002,24.291964,7.3342056,16,48,3171,0.02,
933,71781005,24.2926,7.421643,16,49,,0,
934,65553006,24.325954,7.476197,16,50,,0,
935,198108005,24.285397,7.9308047,16,51,,0,
936,129127001,24.246155,8.1014385,16,52,,0,
937,1388004,24.239893,8.50931,16,53,,0,
938,55735004,24.224922,8.530848,16,54,,0,
939,41546002,24.2228,8.5360565,16,55,,0,
940,271840007,24.212431,8.537875,16,56,3171,0.01,
941,53648006,24.219006,8.552316,16,57,,0,
942,22754005,24.219805,8.560252,16,58,,0,
943,72092001,24.264801,8.967615,16,59,,0,
944,6210001,24.455439,1.9841334,17,1,,0,
945,67754003,24.472876,2.0281165,17,2,,0,
946,42343007,24.478743,2.0292828,17,3,,0,
947,10743008,24.455496,2.0306268,17,4,,0,
948,428054006,24.475752,2.0341094,17,5,,0,
949,28560003,24.45988,2.0513167,17,6,,0,
950,267038008,24.463173,2.065188,17,7,3171,0.04,
951,57781000,24.360287,4.104636,17,8,,0,
952,75934005,24.417225,4.161814,17,9,,0,
953,297960002,24.366089,4.1629853,17,10,,0,
954,13920009,24.451235,4.1703815,17,11,,0,
955,165583001,24.429173,4.1709576,17,12,,0,
956,1386000,24.45739,4.198408,17,13,,0,
957,27550009,24.362295,4.2147064,17,14,,0,
958,29384001,24.473314,4.4010196,17,15,3171,0.01,
959,20602000,24.3499,4.7022076,17,16,,0,
960,162221009,24.469988,4.961019,17,17,,0,
961,29966009,24.430187,5.089922,17,18,,0,
962,271951008,24.373592,5.2627177,17,19,,0,
963,363406005,24.357872,5.284214,17,20,,0,
964,81418003,24.327251,5.2988477,17,21,,0,
965,62476001,24.450737,5.7482615,17,22,3171,0.01,
966,32398004,24.361963,5.805287,17,23,3171,0.01,
967,75295004,24.381638,5.9960856,17,24,,0,
968,424196004,24.358381,6.0294633,17,25,3171,0.01,
969,414564002,24.326504,6.0580287,17,26,,0,
970,416010008,24.363499,6.067584,17,27,,0,
971,230711001,24.37042,6.083721,17,28,,0,
972,33449004,24.362787,6.0863466,17,29,,0,
973,238150007,24.371656,6.0867724,17,30,,0,
974,38907003,24.364471,6.093859,17,31,,0,
975,52669001,24.32708,6.10107,17,32,,0,
976,409712001,24.340513,6.102135,17,33,,0,
977,281016006,24.422699,6.248043,17,34,,0,
978,7058009,24.451551,6.349552,17,35,,0,
979,198436008,24.328863,6.381178,17,36,3171,0.01,
980,398979000,24.385569,6.4581223,17,37,3171,0.04,
981,14304000,24.436338,6.510936,17,38,3171,0.03,
982,6142004,24.398832,6.53831,17,39,3171,0.01,
983,68566005,24.46633,6.6494026,17,40,3171,0.07,
984,370540009,24.355543,6.715244,17,41,,0,
985,54586004,24.456564,6.7806835,17,42,,0,
986,56717001,24.345139,7.1957097,17,43,,0,
987,363443007,24.441614,7.318936,17,44,,0,
988,371973000,24.402983,7.397573,17,45,,0,
989,366667001,24.420542,7.6965346,17,46,3171,0.01,
990,33653009,24.424465,7.862607,17,47,,0,
991,27942005,24.334658,7.8892426,17,48,,0,
992,190256007,24.326086,7.9369717,17,49,,0,
993,91273001,24.400969,8.554474,17,50,,0,
994,4556007,24.33696,8.670454,17,51,,0,
995,312894000,24.441668,8.89891,17,52,,0,
996,93870000,24.437109,8.943855,17,53,,0,
997,39839004,24.404392,8.955385,17,54,,0,
998,271323007,24.417486,8.96539,17,55,,0,
999,249274008,24.414162,8.970834,17,56,,0,
1000,414916001,24.457668,8.971163,17,57,,0,
1001,22220005,24.394287,8.971545,17,58,,0,
1002,90507008,24.442524,8.979943,17,59,3171,0.01,
1003,253361002,24.484177,2.0288596,18,1,,0,
1004,71315007,24.528214,3.4952936,18,2,,0,
1005,266599000,24.62084,3.52067,18,3,,0,
1006,79740000,24.56605,4.103779,18,4,,0,
1007,18963009,24.609304,4.617922,18,5,3171,0.03,
1008,87486003,24.589636,4.672886,18,6,,0,
1009,237602007,24.564678,4.845379,18,7,,0,
1010,28442001,24.595348,4.8785944,18,8,,0,
1011,419145002,24.490437,4.900165,18,9,,0,
1012,83156004,24.570782,4.9049215,18,10,,0,
1013,17173007,24.609114,4.920784,18,11,,0,
1014,285145004,24.578907,4.9413767,18,12,,0,
1015,4386001,24.52877,5.1319647,18,13,,0,
1016,40733004,24.58751,5.132275,18,14,3171,0.02,
1017,313341008,24.511189,5.3040557,18,15,,0,
1018,162400007,24.50383,5.551526,18,16,3171,0.06,
1019,249489001,24.524586,5.697958,18,17,,0,
1020,300241000,24.6318,5.922572,18,18,,0,
1021,230698000,24.52537,6.188942,18,19,,0,
1022,419284004,24.529894,6.2521324,18,20,,0,
1023,309529002,24.628681,6.579128,18,21,,0,
1024,42689008,24.629591,6.60495,18,22,,0,
1025,50417007,24.574234,6.6126294,18,23,3171,0.01,
1026,309530007,24.522726,6.6619086,18,24,,0,
1027,74285003,24.546427,6.66832,18,25,,0,
1028,52967002,24.517221,6.6694927,18,26,,0,
1029,94719007,24.514647,6.678777,18,27,,0,
1030,94602001,24.514647,6.6832294,18,28,,0,
1031,255046005,24.515709,6.7189784,18,29,,0,
1032,22391002,24.546585,7.19924,18,30,,0,
1033,139394000,24.543032,7.2604036,18,31,3171,0.01,
1034,13616008,24.603252,7.302832,18,32,,0,
1035,90446007,24.630276,7.312264,18,33,,0,
1036,126926005,24.485039,7.3332806,18,34,,0,
1037,55342001,24.621647,7.513758,18,35,,0,
1038,234532001,24.547329,7.581735,18,36,,0,
1039,277466009,24.56218,7.599458,18,37,,0,
1040,46049004,24.596668,7.609933,18,38,,0,
1041,111212009,24.61552,7.6259236,18,39,,0,
1042,87252009,24.564413,7.6259475,18,40,,0,
1043,58184002,24.567163,7.626182,18,41,,0,
1044,434532004,24.602926,7.629341,18,42,,0,
1045,22716005,24.530539,7.6420393,18,43,,0,
1046,271860004,24.54846,7.6462646,18,44,3171,0.01,
1047,373168002,24.558521,7.659354,18,45,,0,
1048,50170006,24.531466,7.6872535,18,46,,0,
1049,209409002,24.546192,8.215162,18,47,,0,
1050,9829001,24.562456,8.2167,18,48,,0,
1051,42942008,24.534254,8.220762,18,49,,0,
1052,427296003,24.555975,8.22464,18,50,,0,
1053,20511007,24.545069,8.224763,18,51,,0,
1054,15167005,24.52356,8.227816,18,52,,0,
1055,75591007,24.539093,8.234314,18,53,,0,
1056,31062001,24.553457,8.242633,18,54,,0,
1057,50799005,24.532967,8.244432,18,55,,0,
1058,35486000,24.528688,8.246186,18,56,,0,
1059,71620000,24.5365,8.282744,18,57,,0,
1060,15574005,24.566664,8.311593,18,58,,0,
1061,237897009,24.545584,8.843808,18,59,,0,
1062,42030000,24.81231,3.1806352,19,1,,0,
1063,66857006,24.808428,3.2002866,19,2,3171,0.06,
1064,85828009,24.805023,3.6721647,19,3,,0,
1065,424131007,24.671942,3.9223006,19,4,,0,
1066,126713003,24.674767,3.9661891,19,5,,0,
1067,276301007,24.704233,3.9729524,19,6,,0,
1068,127018007,24.654982,3.9766934,19,7,,0,
1069,386813002,24.651659,3.9916148,19,8,,0,
1070,92439006,24.646393,3.9973838,19,9,,0,
1071,363358000,24.636492,4.0452867,19,10,,0,
1072,35489007,24.748383,4.466407,19,11,3171,0.05,
1073,48694002,24.755741,4.5964503,19,12,3171,0.04,
1074,193462001,24.6515,4.65605,19,13,3171,0.08,
1075,56051008,24.659609,4.871304,19,14,,0,
1076,420422005,24.636173,4.8763223,19,15,,0,
1077,26079004,24.651396,5.074972,19,16,3171,0.01,
1078,271782001,24.695211,5.3648825,19,17,3171,0.08,
1079,286933003,24.634132,5.4713016,19,18,3171,0.02,
1080,64269007,24.773832,5.5223913,19,19,,0,
1081,17450006,24.785236,5.6042686,19,20,,0,
1082,20262006,24.695662,5.6157994,19,21,,0,
1083,366575004,24.735477,5.61914,19,22,,0,
1084,123640000,24.806232,5.6258616,19,23,,0,
1085,30721006,24.771141,5.6586337,19,24,,0,
1086,102943000,24.767214,5.698331,19,25,,0,
1087,324618004,24.727736,5.723765,19,26,,0,
1088,279079003,24.72758,5.758934,19,27,,0,
1089,5152006,24.721012,5.7816677,19,28,,0,
1090,386790008,24.704351,5.899073,19,29,,0,
1091,161844003,24.708958,5.9188995,19,30,3171,0.01,
1092,102892007,24.656181,5.9205422,19,31,,0,
1093,2776000,24.788416,6.014926,19,32,3171,0.01,
1094,271808008,24.750675,6.0519686,19,33,,0,
1095,413838009,24.77026,6.101994,19,34,,0,
1096,267596000,24.778255,6.2546015,19,35,,0,
1097,72366004,24.6943,6.380875,19,36,3171,0.05,
1098,111583006,24.763725,6.4226823,19,37,3171,0.03,
1099,372070002,24.692945,6.4269934,19,38,,0,
1100,1912002,24.735193,6.4543433,19,39,3171,0.07,
1101,275240008,24.648933,6.5091605,19,40,,0,
1102,24184005,24.742695,6.7300196,19,41,3171,0.24,
1103,287085006,24.759523,6.7459016,19,42,,0,
1104,236448000,24.772373,6.770039,19,43,,0,
1105,22421007,24.742537,6.776324,19,44,,0,
1106,197811007,24.800447,6.801644,19,45,,0,
1107,237091009,24.807524,6.803033,19,46,,0,
1108,4224004,24.784555,6.8840613,19,47,,0,
1109,42984000,24.677734,6.992431,19,48,3171,0.02,
1110,63480004,24.689375,7.017011,19,49,,0,
1111,186748004,24.656208,7.398373,19,50,,0,
1112,63741006,24.639027,7.489302,19,51,,0,
1113,274724004,24.728758,7.535772,19,52,,0,
1114,51551000,24.812582,7.8898425,19,53,,0,
1115,165519006,24.793201,7.9138365,19,54,,0,
1116,87696004,24.808144,7.9151034,19,55,,0,
1117,234535004,24.80699,7.936077,19,56,,0,
1118,398240004,24.64894,8.001767,19,57,,0,
1119,75478009,24.712942,8.023689,19,58,,0,
1120,13644009,24.742023,8.03015,19,59,,0,
1121,300444006,24.852571,3.1531198,20,1,,0,
1122,432119003,24.879356,3.1578457,20,2,,0,
1123,2528003,24.847132,3.1589355,20,3,,0,
1124,55146009,24.853048,3.1612546,20,4,,0,
1125,72627004,24.853958,3.1686256,20,5,,0,
1126,46126003,24.84256,3.178534,20,6,,0,
1127,247355005,24.899628,3.254425,20,7,3171,0.01,
1128,118940003,24.954237,3.5209577,20,8,,0,
1129,103005006,24.894005,3.5862277,20,9,,0,
1130,193000002,24.838913,3.5969722,20,10,,0,
1131,225624000,24.907335,4.3161783,20,11,,0,
1132,271756005,24.92784,4.349478,20,12,3171,0.07,
1133,39423001,25.00214,4.5229425,20,13,,0,
1134,386807006,24.966043,4.5468183,20,14,3171,0.03,
1135,6471006,24.861647,4.5788884,20,15,,0,
1136,386806002,25.009005,4.590022,20,16,3171,0.04,
1137,102448004,24.995134,4.6258345,20,17,,0,
1138,80910005,24.946215,5.09824,20,18,3171,0.03,
1139,418092006,25.011515,5.2793255,20,19,3171,0.01,
1140,56731001,24.864908,5.5458217,20,20,,0,
1141,237854004,24.870344,5.6021376,20,21,,0,
1142,6140007,24.831955,5.607059,20,22,,0,
1143,59931005,24.82052,5.612545,20,23,,0,
1144,409674002,24.830963,5.6333356,20,24,,0,
1145,19466003,24.906233,5.6407585,20,25,,0,
1146,86854008,24.830423,5.8183646,20,26,,0,
1147,81308009,24.866814,5.826845,20,27,,0,
1148,267064002,24.925697,5.9404464,20,28,3171,0.01,
1149,7180009,24.882479,6.046657,20,29,,0,
1150,50122000,25.000795,6.193611,20,30,,0,
1151,2237002,24.985704,6.219763,20,31,,0,
1152,9014002,24.885645,6.3301816,20,32,,0,
1153,3415004,24.844748,6.341093,20,33,,0,
1154,441456002,24.838863,6.407169,20,34,,0,
1155,267447008,24.919218,6.426915,20,35,,0,
1156,48813009,24.836496,6.4272146,20,36,,0,
1157,49453006,24.986204,6.6289697,20,37,,0,
1158,9360008,24.915564,6.6455803,20,38,,0,
1159,31515003,24.973341,6.690362,20,39,,0,
1160,419099009,24.92991,6.7025027,20,40,3171,0.07,
1161,56819008,24.973536,6.7456446,20,41,,0,
1162,25658005,24.82031,6.771005,20,42,,0,
1163,18504008,24.821262,6.771366,20,43,,0,
1164,425671009,24.814747,6.7907147,20,44,,0,
1165,15013002,24.997553,6.905247,20,45,,0,
1166,316358009,24.9128,6.9147377,20,46,,0,
1167,95690009,25.014727,6.927124,20,47,,0,
1168,95934001,25.002432,6.9750934,20,48,,0,
1169,386689009,24.870655,6.987724,20,49,3171,0.01,
1170,195967001,24.941343,7.0132203,20,50,3171,0.01,
1171,40541001,24.91318,7.17403,20,51,,0,
1172,1845001,24.930874,7.281192,20,52,,0,
1173,37876005,24.97325,7.5217276,20,53,,0,
1174,36971009,24.869556,7.737889,20,54,3171,0.01,
1175,3951002,24.8708,7.9409924,20,55,,0,
1176,41446000,24.825033,7.942567,20,56,,0,
1177,47739002,24.916498,8.066753,20,57,,0,
1178,68859000,24.837229,8.195458,20,58,,0,
1179,108367008,24.883764,8.229298,20,59,,0,
1180,60845006,25.038414,2.9393702,21,1,,0,
1181,386804004,25.017773,3.6364758,21,2,,0,
1182,11049006,25.115187,3.8464153,21,3,,0,
1183,400210000,25.127728,3.8735173,21,4,,0,
1184,70691001,25.074528,4.240345,21,5,,0,
1185,60814007,25.044353,4.240415,21,6,,0,
1186,80495009,25.09216,4.451191,21,7,,0,
1187,40806005,25.074194,4.5071487,21,8,,0,
1188,36321004,25.033957,4.5534434,21,9,,0,
1189,44548000,25.028961,4.56668,21,10,,0,
1190,16046003,25.06823,4.591276,21,11,,0,
1191,427488005,25.113798,4.5938425,21,12,,0,
1192,247753000,25.06519,4.790298,21,13,,0,
1193,25786006,25.107944,4.8572917,21,14,3171,0.01,
1194,281647001,25.091835,5.0815167,21,15,,0,
1195,304534000,25.08267,5.1624703,21,16,3171,0.01,
1196,19452008,25.124369,5.2322555,21,17,,0,
1197,409985002,25.052736,5.248777,21,18,,0,
1198,35240004,25.095688,5.3247795,21,19,,0,
1199,190633005,25.093967,5.3270373,21,20,,0,
1200,44653001,25.08424,5.34541,21,21,,0,
1201,275393007,25.048615,5.381315,21,22,3171,0.01,
1202,247342009,25.08493,5.4049835,21,23,,0,
1203,45338009,25.07132,5.407185,21,24,,0,
1204,275943004,25.087564,5.4263105,21,25,3171,0.02,
1205,201101007,25.055882,5.4353104,21,26,,0,
1206,126662008,25.03618,5.453589,21,27,,0,
1207,55680006,25.042915,5.4549184,21,28,,0,
1208,426965005,25.032484,5.45569,21,29,3171,0.01,
1209,309685001,25.029282,5.4610786,21,30,3171,0.01,
1210,35001004,25.114101,5.5454397,21,31,,0,
1211,279083003,25.054646,5.6394963,21,32,3171,0.05,
1212,2622007,25.054165,5.7683663,21,33,,0,
1213,18081009,25.125395,5.789038,21,34,,0,
1214,39367000,25.123463,5.8454084,21,35,,0,
1215,235055003,25.066021,6.199508,21,36,,0,
1216,46621007,25.0271,6.339827,21,37,,0,
1217,197480006,25.063303,6.3400707,21,38,,0,
1218,22325002,25.083708,6.3722143,21,39,3171,0.12,
1219,48867003,25.033537,6.403325,21,40,3171,0.03,
1220,27916005,25.10362,6.7262597,21,41,,0,
1221,263225007,25.093359,6.751297,21,42,,0,
1222,129128006,25.075645,6.7629375,21,43,3171,0.01,
1223,95392007,25.12368,6.7926507,21,44,,0,
1224,271771009,25.076235,6.794414,21,45,3171,0.08,
1225,394659003,25.121336,6.906796,21,46,,0,
1226,9707006,25.108698,6.9917574,21,47,,0,
1227,18050000,25.075218,7.0795164,21,48,3171,0.01,
1228,368009,25.021984,7.2653117,21,49,,0,
1229,94381002,25.098822,7.352572,21,50,,0,
1230,68640004,25.089184,7.490919,21,51,,0,
1231,105597003,25.069801,7.5000277,21,52,,0,
1232,203522001,25.082684,7.5043025,21,53,,0,
1233,58635009,25.090439,7.515325,21,54,,0,
1234,49347007,25.110243,7.5263424,21,55,,0,
1235,11817007,25.122498,7.531729,21,56,,0,
1236,234646005,25.020208,7.6983294,21,57,,0,
1237,251047005,25.034195,8.018857,21,58,,0,
1238,66812002,25.111395,8.111172,21,59,,0,
1239,417672002,25.187632,1.1272335,22,1,,0,
1240,25044007,25.206799,1.1402855,22,2,,0,
1241,78667006,25.195063,1.1423417,22,3,,0,
1242,18193002,25.208471,1.147025,22,4,,0,
1243,128926000,25.204876,1.151167,22,5,,0,
1244,31054009,25.206984,1.15234,22,6,,0,
1245,40445007,25.192308,1.1539522,22,7,,0,
1246,79012001,25.21043,1.1549978,22,8,,0,
1247,60573004,25.20711,1.1574376,22,9,,0,
1248,37057007,25.199888,1.2292767,22,10,,0,
1249,91434003,25.128443,2.8322568,22,11,,0,
1250,359557001,25.145212,3.8608847,22,12,,0,
1251,60380001,25.13402,3.8629332,22,13,,0,
1252,70449006,25.150934,3.8640604,22,14,,0,
1253,277180005,25.154325,3.8658655,22,15,,0,
1254,193042000,25.167006,3.8663313,22,16,,0,
1255,4473006,25.176275,3.8691182,22,17,,0,
1256,6141006,25.144012,3.874135,22,18,,0,
1257,9340000,25.168537,4.123407,22,19,,0,
1258,43994002,25.157314,4.177802,22,20,3171,0.01,
1259,248208000,25.179796,4.317907,22,21,,0,
1260,75408008,25.172695,4.357133,22,22,,0,
1261,399317006,25.129744,4.5603304,22,23,,0,
1262,424568000,25.209057,4.660129,22,24,,0,
1263,1402001,25.161797,4.813929,22,25,3171,0.02,
1264,88729006,25.146492,4.86174,22,26,,0,
1265,55929007,25.185043,4.871444,22,27,,0,
1266,24700007,25.185804,5.1374397,22,28,,0,
1267,55033002,25.136204,5.2709355,22,29,,0,
1268,36994005,25.135458,5.4188943,22,30,,0,
1269,3424008,25.21223,5.874968,22,31,3171,0.01,
1270,11538006,25.143845,5.920734,22,32,3171,0.02,
1271,52674009,25.167032,6.00377,22,33,,0,
1272,29753000,25.151735,6.3436728,22,34,,0,
1273,82271004,25.153116,6.5730543,22,35,,0,
1274,237630007,25.180923,6.7251177,22,36,,0,
1275,102626001,25.19552,6.7563186,22,37,,0,
1276,266464001,25.180412,6.812643,22,38,3171,0.01,
1277,95395009,25.135061,6.8800983,22,39,,0,
1278,64090007,25.141916,6.972424,22,40,3171,0.01,
1279,4557003,25.174831,6.978349,22,41,,0,
1280,398274000,25.14595,6.984673,22,42,,0,
1281,31722008,25.13472,6.9943175,22,43,,0,
1282,111379007,25.188135,7.1640253,22,44,,0,
1283,38936003,25.13523,7.3397665,22,45,3171,0.01,
1284,16631009,25.198608,7.528963,22,46,,0,
1285,22811006,25.199408,7.597513,22,47,,0,
1286,53559009,25.206543,8.074793,22,48,,0,
1287,111378004,25.177608,8.078294,22,49,,0,
1288,197973004,25.13987,8.080154,22,50,,0,
1289,58170007,25.194536,8.857305,22,51,,0,
1290,76169001,25.211061,8.857716,22,52,,0,
1291,266463007,25.193005,8.857973,22,53,,0,
1292,47903000,25.13701,8.860446,22,54,,0,
1293,32620007,25.208395,8.862007,22,55,,0,
1294,238124008,25.204916,8.866437,22,56,,0,
1295,40100001,25.184195,8.873043,22,57,,0,
1296,27836007,25.19395,8.878773,22,58,,0,
1297,301179007,25.182772,8.883197,22,59,,0,
1298,229719002,25.2158,1.1561388,23,1,,0,
1299,399205006,25.232046,1.1764544,23,2,,0,
1300,95662005,25.230133,1.1823288,23,3,,0,
1301,422840005,25.249016,1.1982999,23,4,,0,
1302,46206005,25.337143,1.8172518,23,5,,0,
1303,40863000,25.362019,1.9087528,23,6,,0,
1304,268184003,25.373596,1.9190277,23,7,,0,
1305,54150009,25.361057,2.0885081,23,8,3171,0.01,
1306,102619001,25.357119,3.2348692,23,9,3171,0.01,
1307,61582004,25.281939,3.5038946,23,10,,0,
1308,25289003,25.29445,4.0103054,23,11,,0,
1309,17155009,25.29953,4.4401608,23,12,,0,
1310,102449007,25.295708,4.4539404,23,13,,0,
1311,53489000,25.36205,4.490683,23,14,,0,
1312,62573007,25.324427,4.5915422,23,15,,0,
1313,428794004,25.226303,4.6313868,23,16,,0,
1314,3639002,25.351923,4.6629896,23,17,,0,
1315,85418005,25.232075,4.7016945,23,18,,0,
1316,33994004,25.355501,4.7052526,23,19,,0,
1317,33308003,25.273645,4.7115183,23,20,3171,0.01,
1318,250036006,25.30264,4.726756,23,21,,0,
1319,55630000,25.342598,4.745159,23,22,,0,
1320,17206008,25.354538,4.753334,23,23,,0,
1321,52448006,25.267508,4.902428,23,24,,0,
1322,438647008,25.220629,5.1043696,23,25,,0,
1323,24557004,25.23638,5.118469,23,26,,0,
1324,79823003,25.285374,5.132137,23,27,,0,
1325,32798002,25.21453,5.140613,23,28,,0,
1326,58150001,25.343401,5.447771,23,29,,0,
1327,41888000,25.275402,5.5177865,23,30,,0,
1328,90176007,25.310087,5.7344356,23,31,,0,
1329,8769003,25.226973,5.7661915,23,32,,0,
1330,299738004,25.288937,5.9627104,23,33,,0,
1331,34486009,25.275566,6.1160235,23,34,3171,0.01,
1332,73595000,25.249342,6.1422567,23,35,3171,0.03,
1333,234097001,25.307924,6.1595263,23,36,,0,
1334,78548001,25.371862,6.3617673,23,37,,0,
1335,37340000,25.298634,6.4606056,23,38,,0,
1336,54097007,25.370565,6.461213,23,39,,0,
1337,40970001,25.281462,6.461942,23,40,,0,
1338,94264008,25.298191,6.4645243,23,41,,0,
1339,73013002,25.265388,6.484764,23,42,,0,
1340,72654001,25.261833,6.4926233,23,43,,0,
1341,9341001,25.329391,6.55648,23,44,,0,
1342,95388000,25.22327,6.8685045,23,45,,0,
1343,17338001,25.314608,6.874038,23,46,,0,
1344,165558001,25.250423,6.9491425,23,47,,0,
1345,85898001,25.216928,7.0508695,23,48,,0,
1346,37156001,25.309174,7.190895,23,49,3171,0.02,
1347,84114007,25.265984,7.2244377,23,50,,0,
1348,46737006,25.220701,7.422869,23,51,3171,0.01,
1349,85972008,25.252644,7.4865556,23,52,,0,
1350,6481005,25.22994,7.510135,23,53,,0,
1351,6118003,25.22426,7.5408597,23,54,,0,
1352,51615001,25.268873,7.615873,23,55,,0,
1353,89627008,25.375122,7.9479713,23,56,3171,0.04,
1354,161941007,25.248978,8.05623,23,57,,0,
1355,71583005,25.222664,8.091369,23,58,,0,
1356,55004003,25.355398,8.675345,23,59,,0,
1357,9826008,25.38318,1.9190018,24,1,,0,
1358,24911006,25.388666,1.9270073,24,2,,0,
1359,7231009,25.377968,1.9282885,24,3,,0,
1360,7305005,25.387405,1.9302624,24,4,,0,
1361,72352009,25.387997,1.9353131,24,5,,0,
1362,30288003,25.379522,1.9365416,24,6,,0,
1363,83330001,25.395283,1.9647571,24,7,,0,
1364,65363002,25.466974,2.6875894,24,8,,0,
1365,128188000,25.449532,3.2192852,24,9,,0,
1366,88975006,25.444418,3.2642517,24,10,,0,
1367,238118002,25.45299,3.2839663,24,11,,0,
1368,36440009,25.44497,3.2848334,24,12,,0,
1369,238117007,25.432533,3.3071449,24,13,,0,
1370,194237006,25.405272,3.5033803,24,14,,0,
1371,53890003,25.47793,3.6828148,24,15,,0,
1372,387603000,25.386179,4.6699224,24,16,3171,0.02,
1373,128050000,25.480204,4.73502,24,17,,0,
1374,216004,25.417627,4.77978,24,18,,0,
1375,128200000,25.461456,4.8004403,24,19,,0,
1376,232362005,25.467018,4.99382,24,20,,0,
1377,46689006,25.487837,5.0184197,24,21,,0,
1378,17029006,25.437128,5.26187,24,22,,0,
1379,111479008,25.468626,5.424746,24,23,,0,
1380,48130008,25.465353,5.4332156,24,24,,0,
1381,128477000,25.421087,5.4654083,24,25,,0,
1382,84292000,25.415306,5.6878347,24,26,,0,
1383,21454007,25.480312,5.6879225,24,27,,0,
1384,66931009,25.48427,6.3179398,24,28,3171,0.03,
1385,128462008,25.411362,6.327071,24,29,,0,
1386,39621005,25.42709,6.4105363,24,30,,0,
1387,397181002,25.4012,6.4128256,24,31,,0,
1388,46866001,25.419317,6.4389644,24,32,,0,
1389,68609006,25.436895,6.480009,24,33,,0,
1390,48167000,25.454971,6.498184,24,34,3171,0.03,
1391,74396008,25.439072,7.505207,24,35,,0,
1392,30261008,25.440239,7.5084276,24,36,,0,
1393,73725006,25.44577,7.510859,24,37,,0,
1394,65323003,25.433252,7.5136747,24,38,,0,
1395,41565005,25.423796,7.52197,24,39,,0,
1396,27545003,25.451382,7.5228314,24,40,,0,
1397,416189003,25.398087,7.5348506,24,41,,0,
1398,10399008,25.393616,7.751691,24,42,,0,
1399,370992007,25.453022,7.8518434,24,43,,0,
1400,274279008,25.44093,7.898582,24,44,3171,0.01,
1401,231532002,25.429823,7.922442,24,45,,0,
1402,274521009,25.4206,7.943528,24,46,,0,
1403,298280009,25.424072,8.098755,24,47,,0,
1404,41309000,25.483002,8.488682,24,48,,0,
1405,399357009,25.46333,8.489091,24,49,,0,
1406,95611007,25.469604,8.495154,24,50,,0,
1407,235674005,25.4437,8.5027,24,51,,0,
1408,31384009,25.386646,8.502781,24,52,,0,
1409,60699003,25.47003,8.507426,24,53,,0,
1410,65605001,25.475733,8.512421,24,54,,0,
1411,10138007,25.455887,8.513586,24,55,,0,
1412,166712009,25.475193,8.530592,24,56,3171,0.01,
1413,3545003,25.450075,8.55,24,57,,0,
1414,26889001,25.430393,8.550549,24,58,,0,
1415,23056005,25.442696,8.655832,24,59,3171,0.02,
1416,66091009,25.536026,2.062785,25,1,,0,
1417,13213009,25.49562,2.3662667,25,2,,0,
1418,61627001,25.59707,3.3956547,25,3,,0,
1419,161129001,25.53234,3.4780445,25,4,,0,
1420,247667002,25.537472,3.6214402,25,5,,0,
1421,85949006,25.5445,3.63365,25,6,,0,
1422,111541001,25.511293,3.6379302,25,7,,0,
1423,28290006,25.493645,3.6898372,25,8,,0,
1424,70764005,25.606224,4.164202,25,9,,0,
1425,191667009,25.567434,4.446245,25,10,,0,
1426,247977003,25.505108,4.8101125,25,11,,0,
1427,102912007,25.56733,4.877465,25,12,,0,
1428,46372006,25.548742,4.9106665,25,13,,0,
1429,195353004,25.548645,4.9133506,25,14,,0,
1430,30473006,25.506647,4.9262094,25,15,3171,0.02,
1431,31996006,25.525436,4.9513936,25,16,,0,
1432,11791001,25.505037,4.967444,25,17,,0,
1433,82275008,25.505873,4.992419,25,18,,0,
1434,24199005,25.509846,4.9944897,25,19,3171,0.01,
1435,68235000,25.551422,5.092924,25,20,3171,0.02,
1436,15510009,25.529634,5.365774,25,21,3171,0.02,
1437,8357008,25.5175,5.489799,25,22,,0,
1438,30171000,25.504223,5.5251813,25,23,,0,
1439,266254007,25.503212,5.5383773,25,24,,0,
1440,271794005,25.532223,5.5680003,25,25,,0,
1441,56038003,25.500574,5.66815,25,26,3171,0.01,
1442,37125009,25.576303,5.7858024,25,27,,0,
1443,51244008,25.595562,5.9098735,25,28,,0,
1444,20897003,25.502523,6.2146816,25,29,,0,
1445,6185008,25.598167,6.247753,25,30,,0,
1446,33737001,25.52101,6.2956724,25,31,,0,
1447,372064008,25.589645,6.3806443,25,32,,0,
1448,235999009,25.615076,6.3926544,25,33,,0,
1449,302914006,25.558325,6.4566193,25,34,,0,
1450,125594001,25.52857,6.4657626,25,35,,0,
1451,83132003,25.517574,6.977009,25,36,3171,0.1,
1452,271823003,25.495356,7.1247525,25,37,,0,
1453,389086002,25.526808,7.2679014,25,38,,0,
1454,48475001,25.6129,7.300675,25,39,,0,
1455,48522003,25.610952,7.308943,25,40,,0,
1456,29596007,25.6022,7.329861,25,41,,0,
1457,409623005,25.560583,7.334119,25,42,3171,0.01,
1458,12326000,25.601257,7.3424706,25,43,,0,
1459,91175000,25.48997,7.8655252,25,44,3171,0.02,
1460,55827005,25.511652,7.909208,25,45,,0,
1461,85232009,25.578924,8.340097,25,46,,0,
1462,26206000,25.526852,8.406695,25,47,,0,
1463,19721008,25.496128,8.456822,25,48,,0,
1464,47040006,25.496704,8.467508,25,49,,0,
1465,402815007,25.598848,9.656325,25,50,,0,
1466,87522002,25.594131,9.832043,25,51,,0,
1467,402356004,25.61226,9.833345,25,52,,0,
1468,53084003,25.585386,9.841066,25,53,,0,
1469,367542003,25.611397,9.842492,25,54,,0,
1470,312153005,25.614334,9.844782,25,55,,0,
1471,13445001,25.611149,9.847666,25,56,,0,
1472,51875005,25.591883,9.848646,25,57,,0,
1473,79604008,25.61145,9.852022,25,58,,0,
1474,39871006,25.609917,9.853728,25,59,,0,
1475,72552008,25.718582,2.096751,26,1,,0,
1476,232254004,25.673227,2.3272376,26,2,,0,
1477,89792004,25.664492,2.3374236,26,3,,0,
1478,56713002,25.672237,2.344829,26,4,,0,
1479,4120002,25.670008,2.3947415,26,5,,0,
1480,62718007,25.641148,2.5726163,26,6,,0,
1481,89091004,25.626425,3.549748,26,7,3171,0.01,
1482,30242009,25.733217,3.8426664,26,8,,0,
1483,81119003,25.729717,3.8452568,26,9,,0,
1484,105969002,25.735914,3.8893363,26,10,,0,
1485,396233005,25.73195,3.9393282,26,11,,0,
1486,44279002,25.724466,4.192704,26,12,,0,
1487,38362002,25.675589,4.2038727,26,13,,0,
1488,276074009,25.690271,4.2147574,26,14,,0,
1489,225478005,25.663128,4.220249,26,15,,0,
1490,86842008,25.724583,4.2204866,26,16,,0,
1491,191728008,25.651947,4.2275276,26,17,,0,
1492,58214004,25.655788,4.2390347,26,18,,0,
1493,61462000,25.694664,4.253109,26,19,,0,
1494,192044009,25.682972,4.2567573,26,20,,0,
1495,47505003,25.683514,4.3027334,26,21,,0,
1496,81916006,25.730274,4.603037,26,22,,0,
1497,47295007,25.63546,4.844233,26,23,,0,
1498,286647002,25.701923,5.0691485,26,24,,0,
1499,402294001,25.66092,5.0763083,26,25,,0,
1500,92564006,25.693079,5.3448257,26,26,,0,
1501,71444005,25.684963,5.3556504,26,27,,0,
1502,57044006,25.685488,5.375022,26,28,,0,
1503,52824009,25.645988,5.3894215,26,29,,0,
1504,77880009,25.715265,5.3930235,26,30,,0,
1505,234061005,25.723125,5.4013815,26,31,,0,
1506,367466007,25.689632,5.5606313,26,32,3171,0.01,
1507,95571006,25.698612,5.723963,26,33,3171,0.01,
1508,299709002,25.655275,5.9296017,26,34,,0,
1509,225549006,25.670935,6.0002923,26,35,3171,0.12,
1510,3218000,25.732063,6.0358424,26,36,3171,0.02,
1511,18618006,25.72615,6.0391994,26,37,,0,
1512,19132000,25.6903,6.042696,26,38,,0,
1513,74474003,25.72,6.1213207,26,39,3171,0.01,
1514,271832001,25.732117,6.8317504,26,40,3171,0.08,
1515,426867001,25.714859,6.8830357,26,41,,0,
1516,128088003,25.718786,6.9581084,26,42,,0,
1517,430909002,25.672213,7.0055666,26,43,,0,
1518,88052002,25.685057,7.0220757,26,44,,0,
1519,40956001,25.67756,7.029087,26,45,,0,
1520,45600000,25.718338,7.044302,26,46,,0,
1521,95446005,25.723598,7.249488,26,47,,0,
1522,9209005,25.717924,7.2706666,26,48,,0,
1523,39400004,25.738125,7.388212,26,49,,0,
1524,251859005,25.718227,7.732512,26,50,,0,
1525,42399005,25.632372,7.8049316,26,51,3171,0.01,
1526,19242006,25.698193,8.191465,26,52,3171,0.03,
1527,269859006,25.648434,8.284249,26,53,3171,0.01,
1528,19471005,25.635372,9.814651,26,54,,0,
1529,255154009,25.620129,9.84596,26,55,,0,
1530,80142000,25.629448,9.85158,26,56,,0,
1531,400010006,25.615866,9.851586,26,57,,0,
1532,200835003,25.63926,9.852148,26,58,,0,
1533,52754008,25.627441,9.861235,26,59,,0,
1534,56786000,25.738924,2.2488756,27,1,,0,
1535,62067003,25.821417,2.2543797,27,2,,0,
1536,26780008,25.825932,2.2608266,27,3,,0,
1537,232416001,25.782347,2.2843223,27,4,,0,
1538,204296002,25.784868,2.2862597,27,5,,0,
1539,91487003,25.74965,2.2890754,27,6,,0,
1540,38593000,25.85876,2.2921011,27,7,,0,
1541,111321007,25.832811,2.2925477,27,8,,0,
1542,95627000,25.844812,2.2931998,27,9,,0,
1543,111591002,25.76216,2.2998857,27,10,,0,
1544,67278007,25.84878,2.3107285,27,11,,0,
1545,54959009,25.8707,2.3142853,27,12,,0,
1546,18070006,25.807388,2.3351693,27,13,,0,
1547,206376005,25.89158,2.356459,27,14,,0,
1548,65668001,25.890482,2.3776412,27,15,,0,
1549,8098009,25.768965,3.8454397,27,16,,0,
1550,88594005,25.748297,3.8639653,27,17,,0,
1551,363101005,25.827486,4.530647,27,18,,0,
1552,225450009,25.868368,4.691642,27,19,,0,
1553,57019003,25.839832,4.790591,27,20,,0,
1554,126962006,25.893734,4.821287,27,21,,0,
1555,47312008,25.86284,4.8380527,27,22,,0,
1556,45913009,25.844341,5.1364245,27,23,,0,
1557,91374005,25.898342,5.331614,27,24,,0,
1558,363182001,25.79191,5.423372,27,25,,0,
1559,1384002,25.744762,5.451589,27,26,,0,
1560,21420006,25.78174,5.6079597,27,27,,0,
1561,29014003,25.83806,5.634293,27,28,,0,
1562,8652009,25.87926,5.9568305,27,29,,0,
1563,271757001,25.835796,6.1017275,27,30,3171,0.01,
1564,406137001,25.900227,6.261735,27,31,,0,
1565,87118001,25.88352,6.3121405,27,32,,0,
1566,76314005,25.818884,6.3440213,27,33,3171,0.01,
1567,64156001,25.867943,6.402253,27,34,,0,
1568,73452002,25.802883,6.425062,27,35,,0,
1569,42643001,25.823824,6.7248063,27,36,,0,
1570,42345000,25.750189,6.887098,27,37,,0,
1571,56905009,25.765446,7.167893,27,38,,0,
1572,76844004,25.809769,7.1931434,27,39,,0,
1573,236085004,25.761171,7.2366414,27,40,,0,
1574,17890003,25.777729,7.2438617,27,41,,0,
1575,22996003,25.801815,7.2620745,27,42,,0,
1576,17369002,25.826372,7.5205064,27,43,,0,
1577,36760000,25.832624,7.7190943,27,44,,0,
1578,274774002,25.764145,7.9470134,27,45,3171,0.03,
1579,170737008,25.8199,8.129387,27,46,3171,0.02,
1580,31438003,25.74935,8.157632,27,47,,0,
1581,247323005,25.814493,8.218701,27,48,3171,0.01,
1582,233970002,25.794077,8.219719,27,49,,0,
1583,70407001,25.75044,8.231693,27,50,,0,
1584,196115007,25.746931,8.289968,27,51,,0,
1585,76581006,25.855425,8.292382,27,52,,0,
1586,165424007,25.810345,8.2941,27,53,,0,
1587,13617004,25.755613,8.310475,27,54,,0,
1588,31758001,25.8261,9.308967,27,55,,0,
1589,95347000,25.796711,9.351343,27,56,,0,
1590,309587003,25.79823,9.364285,27,57,,0,
1591,274530001,25.757002,9.462408,27,58,,0,
1592,60125001,25.876823,9.543032,27,59,,0,
1593,28656008,25.93874,2.3597867,28,1,,0,
1594,13094009,25.922,2.8537958,28,2,,0,
1595,95441000,26.010202,2.8695037,28,3,,0,
1596,1829003,25.966024,2.876014,28,4,,0,
1597,17944005,25.958021,2.8861651,28,5,,0,
1598,49496001,25.977398,2.899409,28,6,,0,
1599,390951007,25.995733,3.0344617,28,7,,0,
1600,95518006,26.001106,3.0455065,28,8,,0,
1601,68109007,25.953266,3.1236503,28,9,,0,
1602,105997008,25.901129,3.9752424,28,10,,0,
1603,62914000,25.957214,4.2735734,28,11,,0,
1604,235036003,25.955175,4.307223,28,12,,0,
1605,425104003,25.960777,4.661281,28,13,,0,
1606,26628009,25.987616,4.68325,28,14,,0,
1607,30871003,26.002827,4.6884885,28,15,,0,
1608,102911000,26.022926,4.7110457,28,16,,0,
1609,102897001,25.936865,4.7681336,28,17,3171,0.01,
1610,94459006,25.900375,4.776345,28,18,,0,
1611,225595004,25.981703,4.8056684,28,19,,0,
1612,23006000,25.930092,4.8305225,28,20,,0,
1613,21426000,25.907616,4.837679,28,21,,0,
1614,85102008,26.005598,5.189007,28,22,,0,
1615,103262002,25.913605,5.947102,28,23,,0,
1616,201091002,25.95519,5.9674997,28,24,,0,
1617,352818000,25.94086,5.9709444,28,25,,0,
1618,361135004,25.999094,5.977439,28,26,,0,
1619,283682007,26.00741,5.986887,28,27,,0,
1620,398033008,26.023882,5.9902306,28,28,,0,
1621,186694006,25.946615,6.049482,28,29,,0,
1622,262521009,25.959192,6.0558066,28,30,,0,
1623,39848009,26.001808,6.067653,28,31,,0,
1624,75993002,25.971268,6.1043324,28,32,,0,
1625,203465002,25.947762,6.1114297,28,33,,0,
1626,79962008,25.904236,6.24329,28,34,,0,
1627,233916004,25.961386,6.3535757,28,35,,0,
1628,30037006,25.987186,6.517029,28,36,,0,
1629,71186008,25.939316,6.580599,28,37,,0,
1630,68815009,26.020113,6.598206,28,38,,0,
1631,111900000,26.019747,6.662372,28,39,,0,
1632,15033003,25.938572,6.662813,28,40,,0,
1633,2477008,26.023003,6.671761,28,41,,0,
1634,198750004,25.941607,6.6891813,28,42,,0,
1635,54518005,25.983965,6.913377,28,43,,0,
1636,82545002,25.969908,7.0527,28,44,,0,
1637,303078007,25.964756,7.1524105,28,45,,0,
1638,66760008,25.974031,7.330061,28,46,,0,
1639,300332007,25.944597,7.7836947,28,47,,0,
1640,51071000,25.938568,7.8076763,28,48,,0,
1641,199307003,25.933285,7.8181252,28,49,,0,
1642,70272006,25.972227,7.8728433,28,50,,0,
1643,129635004,25.92514,7.8729076,28,51,,0,
1644,230745008,25.978195,8.099427,28,52,,0,
1645,105999006,26.009333,8.194619,28,53,,0,
1646,62479008,25.989292,8.897947,28,54,,0,
1647,247261006,25.935547,8.90096,28,55,,0,
1648,59707005,25.99721,8.9018955,28,56,,0,
1649,23065003,25.987034,8.916973,28,57,,0,
1650,281254000,25.99921,8.922208,28,58,,0,
1651,128984004,25.985737,8.926112,28,59,,0,
1652,199526007,26.0969,2.4922001,29,1,,0,
1653,431335002,26.062471,3.008252,29,2,,0,
1654,18085000,26.128857,3.7169878,29,3,,0,
1655,20295000,26.189161,3.7590473,29,4,,0,
1656,105577008,26.173103,3.7618842,29,5,,0,
1657,248035003,26.189083,3.782098,29,6,,0,
1658,197433003,26.055948,3.9798656,29,7,,0,
1659,64109004,26.039305,4.219833,29,8,,0,
1660,22268004,26.033983,4.292654,29,9,,0,
1661,312496009,26.107641,4.3026986,29,10,,0,
1662,79631006,26.18124,4.309792,29,11,,0,
1663,68978004,26.071018,4.640197,29,12,,0,
1664,386808001,26.089512,4.7616653,29,13,,0,
1665,46963008,26.089014,4.967991,29,14,,0,
1666,50299009,26.104536,5.0162907,29,15,,0,
1667,128117002,26.05777,5.130121,29,16,,0,
1668,254915003,26.08634,5.133329,29,17,,0,
1669,230297002,26.149784,5.1441784,29,18,,0,
1670,94603006,26.051537,5.1789875,29,19,,0,
1671,430887001,26.129074,5.2574863,29,20,,0,
1672,4241002,26.094276,5.39099,29,21,,0,
1673,75088002,26.107597,5.401067,29,22,,0,
1674,48606007,26.132027,5.4411097,29,23,,0,
1675,76627001,26.176628,5.4803786,29,24,,0,
1676,426202004,26.13484,5.487009,29,25,,0,
1677,70190001,26.186516,5.490618,29,26,,0,
1678,13507004,26.16118,5.5314727,29,27,,0,
1679,301360004,26.127573,5.569841,29,28,,0,
1680,95367009,26.182516,5.7316284,29,29,,0,
1681,95365001,26.069082,5.8142624,29,30,,0,
1682,270492004,26.081402,5.936867,29,31,,0,
1683,240037007,26.038298,5.9474797,29,32,,0,
1684,302835009,26.025593,5.973192,29,33,,0,
1685,123756000,26.075281,6.0812764,29,34,,0,
1686,312399001,26.185581,6.175276,29,35,3171,0.05,
1687,23919004,26.12771,6.233873,29,36,,0,
1688,12295008,26.08552,6.5075746,29,37,,0,
1689,312682007,26.139423,6.5450788,29,38,,0,
1690,83128009,26.068857,6.5556273,29,39,,0,
1691,442096005,26.145643,6.572895,29,40,3171,0.01,
1692,64662007,26.045416,6.616863,29,41,,0,
1693,309527000,26.02652,6.65703,29,42,3171,0.01,
1694,49584005,26.034096,6.6632423,29,43,,0,
1695,84480002,26.039742,6.802878,29,44,3171,0.07,
1696,233783005,26.17228,7.001361,29,45,,0,
1697,45456005,26.092394,7.019814,29,46,,0,
1698,60612008,26.175179,7.104122,29,47,3171,0.01,
1699,271834000,26.102072,7.1765075,29,48,3171,0.01,
1700,274782002,26.069479,7.6130657,29,49,3171,0.01,
1701,21639008,26.124584,7.778027,29,50,3171,0.01,
1702,59927004,26.160835,7.8152595,29,51,,0,
1703,235877000,26.134974,7.8223386,29,52,,0,
1704,80515008,26.168596,7.825024,29,53,3171,0.01,
1705,194828000,26.1063,8.1729,29,54,,0,
1706,48440001,26.049477,8.283464,29,55,,0,
1707,76388001,26.17992,8.50512,29,56,,0,
1708,111407006,26.168814,8.546873,29,57,,0,
1709,3238004,26.158447,8.572252,29,58,,0,
1710,162344009,26.026306,8.9119425,29,59,,0,
1711,7484005,26.263046,2.5446296,30,1,,0,
1712,67787004,26.268137,2.591316,30,2,,0,
1713,70020005,26.264969,2.6017632,30,3,,0,
1714,59631007,26.24127,2.6068165,30,4,,0,
1715,413341007,26.245777,2.6493013,30,5,,0,
1716,8004003,26.298908,2.6670117,30,6,,0,
1717,268850004,26.279715,2.6730134,30,7,,0,
1718,91581004,26.300102,2.7676532,30,8,,0,
1719,69357003,26.284641,3.0655892,30,9,,0,
1720,367363000,26.249096,3.1084049,30,10,,0,
1721,95322002,26.248266,3.1350987,30,11,,0,
1722,248027001,26.192421,3.7694848,30,12,,0,
1723,247968005,26.24569,3.7941124,30,13,,0,
1724,73744004,26.208673,3.7961566,30,14,,0,
1725,66347000,26.19183,3.806755,30,15,,0,
1726,32911000,26.205494,3.854126,30,16,,0,
1727,249444002,26.243448,3.8879526,30,17,,0,
1728,83074005,26.236893,3.8932514,30,18,,0,
1729,267854005,26.271309,3.9559383,30,19,,0,
1730,30819006,26.21755,4.484828,30,20,,0,
1731,110483000,26.247097,4.4889455,30,21,,0,
1732,52702003,26.286293,4.5365195,30,22,,0,
1733,30281009,26.244877,4.57959,30,23,,0,
1734,286669009,26.239672,4.6096683,30,24,,0,
1735,13582007,26.265894,4.719552,30,25,,0,
1736,421784001,26.213194,5.148078,30,26,,0,
1737,95545007,26.277632,5.254429,30,27,3171,0.01,
1738,300916003,26.21334,5.5038147,30,28,,0,
1739,240444009,26.190205,5.5119743,30,29,,0,
1740,129179000,26.220032,5.51897,30,30,,0,
1741,9115004,26.227242,5.522426,30,31,,0,
1742,9733003,26.22422,5.5311503,30,32,,0,
1743,95371007,26.24819,5.649933,30,33,,0,
1744,84568007,26.29567,6.0769935,30,34,,0,
1745,83536006,26.2919,6.1798263,30,35,,0,
1746,235833007,26.238983,6.2020926,30,36,,0,
1747,302293008,26.277117,6.2225657,30,37,,0,
1748,95379009,26.249477,6.282753,30,38,,0,
1749,300863000,26.277367,6.362568,30,39,,0,
1750,75236001,26.269375,6.363166,30,40,,0,
1751,416209007,26.239706,6.43539,30,41,,0,
1752,187192000,26.240387,6.598507,30,42,,0,
1753,233613009,26.284874,6.663446,30,43,,0,
1754,37831005,26.271696,6.6686864,30,44,,0,
1755,95588004,26.298601,6.671087,30,45,3171,0.01,
1756,191265009,26.259607,6.700512,30,46,,0,
1757,87513003,26.284042,6.841454,30,47,,0,
1758,4249000,26.295652,7.2414913,30,48,,0,
1759,195295006,26.261269,7.287572,30,49,,0,
1760,1847009,26.250988,7.348129,30,50,,0,
1761,5888003,26.226055,7.351513,30,51,,0,
1762,129618003,26.294163,7.3866706,30,52,,0,
1763,95689000,26.275057,7.390333,30,53,,0,
1764,277357006,26.26731,7.3969626,30,54,,0,
1765,4373005,26.267454,7.4019794,30,55,,0,
1766,95575002,26.258423,7.4042196,30,56,,0,
1767,95434006,26.274061,7.407271,30,57,,0,
1768,65878001,26.290651,7.42083,30,58,,0,
1769,126729006,26.198587,8.512524,30,59,,0,
1770,276519002,26.307142,2.6355052,31,1,,0,
1771,253599005,26.308546,2.6355805,31,2,,0,
1772,268240006,26.40714,2.7968354,31,3,,0,
1773,49882001,26.379396,2.8324661,31,4,,0,
1774,57148006,26.405682,2.8617725,31,5,,0,
1775,249785006,26.389223,2.9834323,31,6,,0,
1776,83035003,26.335615,2.9921057,31,7,,0,
1777,253443005,26.36909,2.9922135,31,8,,0,
1778,76267008,26.346174,2.9986207,31,9,,0,
1779,47372000,26.3399,3.0034578,31,10,,0,
1780,41497008,26.401194,3.0040572,31,11,,0,
1781,90979004,26.330265,3.0232813,31,12,,0,
1782,400178008,26.348753,3.0275772,31,13,,0,
1783,82835005,26.38284,3.042973,31,14,,0,
1784,276508000,26.324492,3.0902584,31,15,,0,
1785,312668007,26.336227,3.2960684,31,16,,0,
1786,248122005,26.320555,4.022309,31,17,,0,
1787,266421008,26.311491,4.0462933,31,18,,0,
1788,46210008,26.311306,4.080583,31,19,,0,
1789,191670008,26.333351,4.12869,31,20,,0,
1790,415297005,26.37927,4.4210024,31,21,,0,
1791,102894008,26.382177,4.5273414,31,22,3171,0.01,
1792,131126003,26.323677,4.5488453,31,23,,0,
1793,55996006,26.38346,4.5590963,31,24,,0,
1794,84625002,26.362888,4.6199555,31,25,,0,
1795,6072007,26.31641,4.636697,31,26,,0,
1796,46670006,26.329987,5.111742,31,27,,0,
1797,399187006,26.35395,5.1947055,31,28,,0,
1798,50711007,26.37238,5.28425,31,29,,0,
1799,6285003,26.362967,5.5847516,31,30,,0,
1800,15771004,26.38916,5.5879045,31,31,,0,
1801,932006,26.372879,5.6206884,31,32,,0,
1802,111367007,26.337383,5.636597,31,33,,0,
1803,95374004,26.317234,5.684134,31,34,,0,
1804,95368004,26.333284,5.739832,31,35,,0,
1805,128473001,26.331766,5.973864,31,36,,0,
1806,85059005,26.327942,6.1714087,31,37,,0,
1807,89538001,26.304705,6.1913095,31,38,,0,
1808,65576009,26.305305,6.1944985,31,39,,0,
1809,303081002,26.372879,6.214266,31,40,,0,
1810,25437005,26.321047,6.2276783,31,41,,0,
1811,397513003,26.407469,6.360553,31,42,,0,
1812,131141003,26.406889,6.494514,31,43,,0,
1813,61274003,26.308641,6.6651106,31,44,,0,
1814,95539004,26.312382,6.6837516,31,45,,0,
1815,75570004,26.3502,6.7043004,31,46,,0,
1816,93143009,26.367779,6.7485323,31,47,,0,
1817,302873008,26.327908,6.750317,31,48,,0,
1818,37372002,26.392763,6.842893,31,49,,0,
1819,128351009,26.354527,7.131991,31,50,,0,
1820,312975006,26.349514,7.2546234,31,51,,0,
1821,11483009,26.32951,7.3287854,31,52,,0,
1822,83414005,26.390068,7.3688116,31,53,,0,
1823,267624002,26.321098,7.376767,31,54,,0,
1824,102500002,26.300304,7.389966,31,55,,0,
1825,373909009,26.332098,8.019004,31,56,3171,0.01,
1826,271864008,26.343481,8.076878,31,57,3171,0.01,
1827,235924006,26.336628,8.116376,31,58,,0,
1828,10629009,26.347513,8.162092,31,59,,0,
1829,86299006,26.514662,2.2283807,32,1,,0,
1830,32958008,26.43803,2.2314582,32,2,,0,
1831,59877000,26.535492,2.7577424,32,3,,0,
1832,186658007,26.411863,3.053417,32,4,,0,
1833,204448004,26.50109,3.2478478,32,5,,0,
1834,206596003,26.496643,3.2609167,32,6,,0,
1835,418763003,26.487238,3.88695,32,7,,0,
1836,37298006,26.52734,3.971218,32,8,,0,
1837,167180005,26.505064,4.1570463,32,9,,0,
1838,128069005,26.514997,4.250893,32,10,,0,
1839,128337009,26.483025,4.4396167,32,11,,0,
1840,67569000,26.447798,4.451904,32,12,,0,
1841,47944004,26.545706,4.461019,32,13,,0,
1842,397827003,26.559034,4.489218,32,14,,0,
1843,40719004,26.456757,4.507078,32,15,,0,
1844,16485001,26.525759,4.5276003,32,16,,0,
1845,37465004,26.428251,4.537587,32,17,,0,
1846,387742006,26.445593,4.840383,32,18,,0,
1847,247434009,26.559328,4.841755,32,19,,0,
1848,24321005,26.522322,4.8689504,32,20,,0,
1849,54840006,26.431587,4.871657,32,21,,0,
1850,276796006,26.49952,4.9138455,32,22,,0,
1851,88995000,26.498703,4.963812,32,23,,0,
1852,194926000,26.465422,4.9646707,32,24,,0,
1853,237836003,26.543194,5.0341654,32,25,,0,
1854,400166009,26.437777,5.07235,32,26,3171,0.03,
1855,27614006,26.461273,5.139557,32,27,,0,
1856,234076002,26.553568,5.1797748,32,28,,0,
1857,58283004,26.432407,5.202082,32,29,,0,
1858,235741002,26.414139,5.5268583,32,30,,0,
1859,123767004,26.413267,5.617352,32,31,,0,
1860,33332005,26.416607,5.6314387,32,32,,0,
1861,19824006,26.46436,5.839594,32,33,,0,
1862,95366000,26.527401,5.9543347,32,34,,0,
1863,32914008,26.491274,6.015024,32,35,3171,0.01,
1864,111859007,26.48503,6.055313,32,36,,0,
1865,267078001,26.525385,6.06426,32,37,,0,
1866,247404004,26.495125,6.0712996,32,38,,0,
1867,7163005,26.484106,6.307346,32,39,,0,
1868,237783006,26.496908,6.3145566,32,40,,0,
1869,52324001,26.551607,6.315273,32,41,,0,
1870,85670002,26.49378,6.711627,32,42,,0,
1871,61401005,26.460176,6.7529874,32,43,,0,
1872,25906001,26.466572,6.755482,32,44,,0,
1873,67406007,26.492294,6.778049,32,45,,0,
1874,421869004,26.551157,6.88199,32,46,,0,
1875,221360009,26.516577,6.9105625,32,47,,0,
1876,44564008,26.435673,6.9140444,32,48,,0,
1877,301273002,26.423544,6.9647093,32,49,,0,
1878,16269008,26.539242,7.051921,32,50,3171,0.02,
1879,15238002,26.448181,7.0536532,32,51,,0,
1880,24612001,26.436417,7.073555,32,52,,0,
1881,52675005,26.435486,7.0837617,32,53,,0,
1882,70650003,26.42346,7.1112914,32,54,,0,
1883,399957001,26.45823,7.2046733,32,55,,0,
1884,414850009,26.49492,7.588969,32,56,,0,
1885,20639004,26.517265,7.842088,32,57,,0,
1886,60168000,26.47557,7.8638706,32,58,,0,
1887,197660000,26.554762,8.358579,32,59,,0,
1888,47032000,26.57323,2.2788756,33,1,,0,
1889,268180007,26.625355,2.4827328,33,2,,0,
1890,93271008,26.605293,2.5048525,33,3,,0,
1891,41040004,26.57468,2.9785986,33,4,,0,
1892,60234000,26.603888,3.0428357,33,5,,0,
1893,28669007,26.609886,3.4938464,33,6,,0,
1894,31992008,26.609882,4.0085874,33,7,,0,
1895,79955004,26.627884,4.3142138,33,8,,0,
1896,396232000,26.621126,4.5666494,33,9,3171,0.02,
1897,102866000,26.642174,4.5768275,33,10,,0,
1898,126885006,26.594894,4.7279277,33,11,,0,
1899,300886007,26.593548,4.938543,33,12,,0,
1900,367498001,26.585253,5.0933456,33,13,,0,
1901,2469009,26.567553,5.123321,33,14,,0,
1902,225826001,26.608755,5.3860664,33,15,,0,
1903,81010002,26.627806,5.4101872,33,16,,0,
1904,165816005,26.580982,5.4144936,33,17,,0,
1905,63043004,26.594845,5.418435,33,18,,0,
1906,57935008,26.612398,5.4203444,33,19,,0,
1907,386702006,26.619158,5.4322834,33,20,,0,
1908,16060001,26.626585,5.435209,33,21,,0,
1909,18526009,26.569464,5.4708633,33,22,,0,
1910,69192004,26.641907,5.552498,33,23,3171,0.01,
1911,56688005,26.561544,5.9090962,33,24,,0,
1912,5256002,26.643192,5.941032,33,25,,0,
1913,50805004,26.582506,6.0256147,33,26,,0,
1914,59026006,26.623034,6.3037534,33,27,,0,
1915,416179002,26.644217,6.4488373,33,28,,0,
1916,371568002,26.612335,6.560164,33,29,,0,
1917,239164002,26.64798,6.667073,33,30,,0,
1918,415115007,26.581158,6.7981133,33,31,3171,0.02,
1919,31892009,26.616575,6.9041147,33,32,,0,
1920,335977000,26.645119,7.5755906,33,33,,0,
1921,72836002,26.578173,7.8208804,33,34,,0,
1922,9713002,26.56863,7.83465,33,35,,0,
1923,10001005,26.569372,7.86307,33,36,,0,
1924,28119000,26.61021,7.945643,33,37,,0,
1925,165475005,26.635447,8.2670965,33,38,,0,
1926,66999008,26.631208,8.328347,33,39,,0,
1927,126880001,26.618793,8.353819,33,40,,0,
1928,90241004,26.632946,8.358832,33,41,,0,
1929,49708008,26.596794,8.35961,33,42,,0,
1930,302233006,26.644218,8.359625,33,43,,0,
1931,239159001,26.57207,8.388424,33,44,,0,
1932,405545007,26.648457,8.393605,33,45,,0,
1933,63302006,26.631498,8.405391,33,46,,0,
1934,166818002,26.617805,8.412597,33,47,,0,
1935,428255004,26.602484,8.424217,33,48,,0,
1936,95568003,26.61595,8.439824,33,49,,0,
1937,197661001,26.622952,8.446443,33,50,,0,
1938,93197009,26.632011,9.600173,33,51,,0,
1939,20059004,26.63228,9.604299,33,52,,0,
1940,22607003,26.619358,9.605548,33,53,,0,
1941,189361002,26.627949,9.607378,33,54,,0,
1942,26045000,26.637758,9.6084,33,55,,0,
1943,1482004,26.633753,9.608448,33,56,,0,
1944,128350005,26.630625,9.611744,33,57,,0,
1945,52089001,26.63684,9.613183,33,58,,0,
1946,126851005,26.62872,9.620868,33,59,,0,
1947,13649004,26.662697,2.247659,34,1,,0,
1948,36233006,26.755419,2.3997014,34,2,,0,
1949,18941000,26.653862,2.5778074,34,3,,0,
1950,361055000,26.700832,3.04643,34,4,,0,
1951,266956001,26.65403,3.3724597,34,5,,0,
1952,40095003,26.712532,3.5386386,34,6,,0,
1953,75722007,26.68535,3.6664436,34,7,,0,
1954,234062003,26.66555,3.844185,34,8,,0,
1955,6374002,26.69783,3.9880574,34,9,,0,
1956,109522008,26.745293,4.004619,34,10,,0,
1957,78623009,26.67389,4.028305,34,11,,0,
1958,193078005,26.730526,4.0351915,34,12,,0,
1959,271721006,26.728722,4.041655,34,13,,0,
1960,234141001,26.739233,4.0483317,34,14,,0,
1961,36964004,26.75492,4.0516076,34,15,,0,
1962,23606001,26.731567,4.051893,34,16,,0,
1963,1563006,26.745567,4.063099,34,17,,0,
1964,95433000,26.670216,4.1944075,34,18,,0,
1965,32402008,26.665066,4.5495076,34,19,,0,
1966,233873004,26.665016,4.592214,34,20,,0,
1967,35265002,26.671598,4.6354923,34,21,,0,
1968,306058006,26.75752,4.6371903,34,22,,0,
1969,66187002,26.713896,4.8396807,34,23,,0,
1970,165630002,26.740438,5.2070465,34,24,,0,
1971,400190005,26.704546,5.379839,34,25,3171,0.01,
1972,58767000,26.738924,5.558463,34,26,,0,
1973,280816001,26.690266,5.6192665,34,27,,0,
1974,386614005,26.760754,5.632312,34,28,,0,
1975,94225005,26.757582,5.737549,34,29,,0,
1976,87557004,26.717308,5.887984,34,30,,0,
1977,41910004,26.762783,5.9613996,34,31,,0,
1978,52817008,26.709229,6.455751,34,32,,0,
1979,39659002,26.678602,6.4605284,34,33,,0,
1980,71120004,26.73302,6.467428,34,34,,0,
1981,92818009,26.71696,6.5099025,34,35,,0,
1982,230802007,26.735605,6.523497,34,36,,0,
1983,23687008,26.751652,6.5533333,34,37,,0,
1984,95880003,26.674229,6.6954827,34,38,,0,
1985,17842005,26.732403,6.7973104,34,39,,0,
1986,33839006,26.71342,6.992191,34,40,,0,
1987,126859007,26.75942,7.0005794,34,41,,0,
1988,95377006,26.750113,7.042282,34,42,,0,
1989,416098002,26.716822,7.0461965,34,43,,0,
1990,95457000,26.691105,7.10342,34,44,,0,
1991,49723003,26.666698,7.1101475,34,45,,0,
1992,30588004,26.762272,7.4060607,34,46,,0,
1993,41659003,26.703785,7.6472387,34,47,,0,
1994,443971004,26.664467,7.6631274,34,48,,0,
1995,405564001,26.661848,7.7042727,34,49,,0,
1996,70405009,26.677889,7.729914,34,50,,0,
1997,12166008,26.656786,7.7550473,34,51,,0,
1998,237101004,26.690638,7.7691703,34,52,,0,
1999,32916005,26.668015,8.377696,34,53,,0,
2000,91478007,26.652243,8.407037,34,54,,0,
2001,36171008,26.677872,8.424537,34,55,,0,
2002,48638002,26.649618,8.44853,34,56,,0,
2003,236037000,26.712725,8.4730015,34,57,,0,
2004,51292008,26.679577,9.465526,34,58,,0,
2005,95847005,26.725367,9.483976,34,59,,0,
2006,206200000,26.795347,2.4300618,35,1,,0,
2007,72951007,26.819468,2.4568937,35,2,,0,
2008,65340007,26.786041,2.4702306,35,3,,0,
2009,196286005,26.798958,2.4705594,35,4,,0,
2010,51794008,26.78274,2.4724092,35,5,,0,
2011,84773003,26.778708,2.4840546,35,6,,0,
2012,253273004,26.83432,2.4999843,35,7,,0,
2013,51442005,26.870075,2.572692,35,8,,0,
2014,275260000,26.797745,2.9086056,35,9,,0,
2015,275259005,26.854658,3.4674644,35,10,,0,
2016,35912001,26.823753,3.7765505,35,11,,0,
2017,123527003,26.83064,3.9420106,35,12,,0,
2018,197919005,26.80107,4.10259,35,13,,0,
2019,361098001,26.800766,4.1589384,35,14,,0,
2020,267446004,26.82497,4.8060627,35,15,,0,
2021,278851001,26.783695,4.8505583,35,16,,0,
2022,51611005,26.817392,4.889126,35,17,,0,
2023,363518003,26.851402,4.8940177,35,18,,0,
2024,31341008,26.84835,4.902996,35,19,,0,
2025,40946000,26.857533,4.904045,35,20,,0,
2026,371160000,26.859968,5.092803,35,21,,0,
2027,267284008,26.869108,5.099193,35,22,,0,
2028,32838008,26.803116,5.232237,35,23,,0,
2029,111395007,26.795887,5.299765,35,24,,0,
2030,2496007,26.85563,5.390226,35,25,,0,
2031,234003006,26.834648,5.4188066,35,26,,0,
2032,36348003,26.853807,5.4550023,35,27,,0,
2033,386557006,26.860874,5.478943,35,28,,0,
2034,397073000,26.857721,5.486113,35,29,,0,
2035,49111001,26.803518,5.5167403,35,30,,0,
2036,26843008,26.802761,5.749021,35,31,,0,
2037,60442001,26.778957,5.752213,35,32,,0,
2038,64121000,26.81908,5.7643113,35,33,,0,
2039,10825001,26.792143,5.7823296,35,34,,0,
2040,126644004,26.846432,5.794838,35,35,,0,
2041,87730004,26.784605,5.8008866,35,36,,0,
2042,47125007,26.805908,5.822207,35,37,,0,
2043,51677000,26.77987,5.837604,35,38,,0,
2044,95391000,26.773487,5.870574,35,39,,0,
2045,371041009,26.837711,5.882495,35,40,,0,
2046,167222005,26.836632,5.9583597,35,41,,0,
2047,126488004,26.802902,6.0798826,35,42,,0,
2048,14534009,26.811935,6.2714186,35,43,,0,
2049,64613007,26.850496,6.435154,35,44,,0,
2050,46970008,26.829662,6.4366536,35,45,,0,
2051,111245009,26.766588,6.4370203,35,46,,0,
2052,61031008,26.789999,6.5647197,35,47,,0,
2053,26141007,26.815311,6.5657387,35,48,,0,
2054,22927000,26.814318,6.713206,35,49,,0,
2055,191480000,26.827171,6.7215395,35,50,,0,
2056,21007002,26.773561,6.722919,35,51,,0,
2057,429775004,26.767218,6.754065,35,52,,0,
2058,266474003,26.864492,6.794333,35,53,3171,0.01,
2059,236821005,26.812714,7.0007787,35,54,,0,
2060,1835003,26.82748,7.279647,35,55,,0,
2061,57662003,26.807077,7.627464,35,56,,0,
2062,405555006,26.818867,7.7080975,35,57,,0,
2063,417089009,26.838007,7.7082667,35,58,,0,
2064,19161004,26.813934,7.745158,35,59,,0,
2065,15459006,26.900902,2.5515254,36,1,,0,
2066,60700002,26.932795,2.5733361,36,2,,0,
2067,50112006,26.925957,2.580821,36,3,,0,
2068,218728005,26.918493,2.6000297,36,4,,0,
2069,7550008,26.915146,2.6036673,36,5,,0,
2070,47147007,26.926413,2.6420624,36,6,,0,
2071,23407003,26.95997,2.6595128,36,7,,0,
2072,367506006,26.979078,2.7198946,36,8,,0,
2073,5158005,26.907875,2.8187687,36,9,,0,
2074,19416009,26.939333,2.930082,36,10,,0,
2075,79619009,26.974543,3.1155467,36,11,,0,
2076,41368006,26.932428,3.2584455,36,12,,0,
2077,67531005,26.955778,3.304356,36,13,,0,
2078,161152002,26.978052,3.4169633,36,14,,0,
2079,31387002,26.934166,4.097742,36,15,,0,
2080,27342004,26.92474,4.1856194,36,16,,0,
2081,82403002,26.962708,4.482867,36,17,,0,
2082,2538008,26.93312,4.6564527,36,18,,0,
2083,66893008,26.891338,4.7230577,36,19,,0,
2084,11679003,26.928885,4.824468,36,20,,0,
2085,87711004,26.935663,4.857133,36,21,,0,
2086,165427000,26.971863,4.881936,36,22,,0,
2087,192970008,26.97684,4.9655,36,23,,0,
2088,17230005,26.933601,4.966662,36,24,,0,
2089,55184003,26.880821,5.0251203,36,25,,0,
2090,371089000,26.97988,5.1194477,36,26,,0,
2091,15802004,26.9701,5.252224,36,27,,0,
2092,43105007,26.877539,5.432433,36,28,,0,
2093,165569003,26.971338,5.442033,36,29,,0,
2094,66944004,26.881977,5.5057898,36,30,,0,
2095,35304003,26.93107,5.637184,36,31,,0,
2096,67683007,26.915768,5.662298,36,32,,0,
2097,230706003,26.938602,5.7060795,36,33,,0,
2098,49563000,26.962967,5.731298,36,34,3171,0.03,
2099,165439008,26.922419,5.758713,36,35,,0,
2100,92814006,26.87975,5.7653,36,36,,0,
2101,39134007,26.977348,6.0166397,36,37,,0,
2102,94253005,26.870413,6.124191,36,38,,0,
2103,83938003,26.943956,6.1347866,36,39,,0,
2104,43752006,26.8924,6.42214,36,40,,0,
2105,94455000,26.97546,6.5920496,36,41,,0,
2106,7159003,26.889044,6.6590567,36,42,,0,
2107,73397007,26.913776,6.6739125,36,43,,0,
2108,396331005,26.874905,6.9678307,36,44,,0,
2109,69741000,26.938128,7.340712,36,45,,0,
2110,48146000,26.932646,7.3564115,36,46,,0,
2111,40425004,26.91677,7.3664026,36,47,,0,
2112,302893000,26.911615,7.3842063,36,48,,0,
2113,19636003,26.935066,7.41638,36,49,,0,
2114,155441006,26.89488,7.4172544,36,50,,0,
2115,427372006,26.901918,7.417849,36,51,,0,
2116,36184004,26.902935,7.438952,36,52,,0,
2117,61003004,26.948801,7.478491,36,53,,0,
2118,60735000,26.9525,7.582989,36,54,,0,
2119,20018005,26.896626,7.629068,36,55,,0,
2120,410061008,26.967873,7.65248,36,56,,0,
2121,95339000,26.876848,7.7049575,36,57,,0,
2122,235766003,26.924109,8.114722,36,58,,0,
2123,90708001,26.90496,8.700817,36,59,,0,
2124,45503006,26.990572,2.5465844,37,1,,0,
2125,204342004,27.022509,2.558786,37,2,,0,
2126,89369001,27.108534,2.6221693,37,3,,0,
2127,302929008,26.995375,2.6289845,37,4,,0,
2128,17547005,26.985138,2.641114,37,5,,0,
2129,80825009,27.031677,2.7229967,37,6,,0,
2130,64712007,26.993488,2.9477232,37,7,,0,
2131,253098009,27.031258,3.233327,37,8,,0,
2132,9904008,27.00596,3.239186,37,9,,0,
2133,32572006,27.065445,3.2730536,37,10,,0,
2134,16297002,27.06441,3.354599,37,11,,0,
2135,262519004,27.051796,3.459328,37,12,,0,
2136,253966001,27.040861,3.4758906,37,13,,0,
2137,57190000,27.109966,3.5113022,37,14,,0,
2138,27871007,27.091602,3.7201767,37,15,,0,
2139,6807001,27.056952,3.7370398,37,16,,0,
2140,55457007,27.059649,3.769887,37,17,,0,
2141,18347007,27.075731,3.785454,37,18,,0,
2142,72128008,27.10502,3.7918546,37,19,,0,
2143,72007001,27.017809,3.8719063,37,20,,0,
2144,266480006,27.028307,4.0130095,37,21,,0,
2145,415238003,27.037546,4.19295,37,22,,0,
2146,72863001,27.016094,4.3314357,37,23,,0,
2147,60555002,27.013952,4.341148,37,24,,0,
2148,242784006,26.982796,4.360682,37,25,,0,
2149,34630004,27.079573,4.379553,37,26,,0,
2150,38959009,27.06317,4.4315834,37,27,,0,
2151,165839004,27.077961,4.4409065,37,28,,0,
2152,95911005,27.030838,4.496416,37,29,,0,
2153,31611000,26.992645,4.606144,37,30,,0,
2154,165509000,26.985506,4.879448,37,31,3171,0.01,
2155,285355007,27.089172,4.9397244,37,32,3171,0.01,
2156,52368004,27.004995,4.9579906,37,33,3171,0.01,
2157,282060009,27.054077,4.986279,37,34,,0,
2158,64718006,27.061209,5.0585556,37,35,,0,
2159,236002003,27.015593,5.0591087,37,36,,0,
2160,28630001,27.052958,5.119762,37,37,,0,
2161,91327001,27.024351,5.340861,37,38,,0,
2162,197887003,27.018116,5.4503403,37,39,3171,0.01,
2163,246564008,27.007538,5.4605117,37,40,,0,
2164,33461007,27.018768,5.683443,37,41,,0,
2165,95798008,26.983934,5.8039217,37,42,,0,
2166,34282009,27.01329,5.9413824,37,43,,0,
2167,38739001,27.080753,5.978371,37,44,,0,
2168,264558008,27.034971,5.9847817,37,45,,0,
2169,77329001,27.033283,6.031989,37,46,,0,
2170,125593007,27.06052,6.052393,37,47,,0,
2171,23387001,27.04487,6.0664206,37,48,,0,
2172,82453008,26.996843,6.314272,37,49,,0,
2173,65198009,27.042423,6.3186316,37,50,,0,
2174,197238009,27.091871,6.3624845,37,51,,0,
2175,235973002,27.037373,6.7963657,37,52,,0,
2176,313387002,27.107355,7.332357,37,53,,0,
2177,90216006,27.024792,7.4159613,37,54,,0,
2178,259608005,27.07794,7.479563,37,55,,0,
2179,225553008,27.0468,7.4828315,37,56,,0,
2180,57433008,27.00498,7.991565,37,57,,0,
2181,62918002,26.98473,8.066755,37,58,,0,
2182,248342006,27.050732,8.135291,37,59,,0,
2183,73660006,27.164932,2.52939,38,1,,0,
2184,82458004,27.156456,2.5436358,38,2,,0,
2185,302912005,27.155436,2.6677318,38,3,,0,
2186,19410003,27.1961,2.7217038,38,4,,0,
2187,57219006,27.12478,2.7668686,38,5,,0,
2188,128274005,27.193924,3.2217314,38,6,,0,
2189,6020002,27.142422,3.232972,38,7,,0,
2190,128334002,27.203981,3.238597,38,8,,0,
2191,102612005,27.131615,3.6652327,38,9,,0,
2192,230358007,27.138485,3.9775825,38,10,,0,
2193,300891008,27.155434,3.9995327,38,11,,0,
2194,102594003,27.189781,4.047198,38,12,,0,
2195,52845002,27.148327,4.0783534,38,13,,0,
2196,418010004,27.115883,4.325666,38,14,,0,
2197,3006004,27.110092,4.4215026,38,15,,0,
2198,416893007,27.117958,4.4964666,38,16,,0,
2199,60103007,27.15273,4.517193,38,17,,0,
2200,370977006,27.155949,4.520103,38,18,,0,
2201,414563008,27.151812,4.541634,38,19,,0,
2202,78004001,27.110888,4.5902743,38,20,,0,
2203,408335007,27.170801,4.6044655,38,21,,0,
2204,88822006,27.181011,4.6072626,38,22,,0,
2205,19843006,27.11444,4.879471,38,23,,0,
2206,95454007,27.16889,4.962495,38,24,,0,
2207,165423001,27.166134,5.025069,38,25,3171,0.03,
2208,225525008,27.173845,5.0365973,38,26,,0,
2209,59462000,27.170998,5.370073,38,27,,0,
2210,235853006,27.17738,5.458682,38,28,,0,
2211,81808003,27.172514,5.5719867,38,29,,0,
2212,363492001,27.187464,5.9038067,38,30,,0,
2213,246923005,27.1324,6.064696,38,31,,0,
2214,74578003,27.117151,6.081149,38,32,,0,
2215,231496004,27.1442,6.107571,38,33,,0,
2216,307496006,27.161459,6.244157,38,34,3171,0.01,
2217,17920008,27.172983,6.312379,38,35,,0,
2218,234205007,27.190458,6.343471,38,36,,0,
2219,95394008,27.138298,6.6025133,38,37,,0,
2220,26517000,27.164124,6.6236944,38,38,,0,
2221,71906005,27.13313,6.6413608,38,39,,0,
2222,94627008,27.128729,6.683624,38,40,,0,
2223,165568006,27.124784,6.9840636,38,41,,0,
2224,84494001,27.190372,7.069722,38,42,,0,
2225,5441008,27.146286,7.0780344,38,43,,0,
2226,95726001,27.111515,7.0947957,38,44,,0,
2227,109245003,27.15037,7.150997,38,45,,0,
2228,95884007,27.14995,7.152114,38,46,,0,
2229,38774000,27.154364,7.162542,38,47,,0,
2230,77490007,27.155142,7.1634536,38,48,,0,
2231,420054005,27.127018,7.16436,38,49,,0,
2232,56177003,27.111702,7.171714,38,50,,0,
2233,200766001,27.12944,7.196981,38,51,,0,
2234,9750001,27.1236,7.3135056,38,52,,0,
2235,105612003,27.193148,7.319421,38,53,,0,
2236,236652008,27.18056,7.6350293,38,54,,0,
2237,65312002,27.198952,7.730802,38,55,,0,
2238,10362008,27.182634,7.7721634,38,56,,0,
2239,234109007,27.1969,7.817494,38,57,,0,
2240,6631009,27.17523,8.156021,38,58,,0,
2241,118600007,27.167475,8.319355,38,59,,0,
2242,26179002,27.298208,2.5730884,39,1,,0,
2243,63042009,27.302195,2.6103554,39,2,,0,
2244,14447001,27.327593,2.6119273,39,3,,0,
2245,95435007,27.2834,2.6199503,39,4,,0,
2246,36110001,27.251722,2.6294422,39,5,,0,
2247,10155006,27.240849,2.7218387,39,6,,0,
2248,282038006,27.242434,2.8796377,39,7,,0,
2249,429200006,27.206966,2.931023,39,8,,0,
2250,21850008,27.247858,3.0635853,39,9,,0,
2251,34111000,27.272507,3.2281673,39,10,,0,
2252,85551004,27.288748,3.2546184,39,11,,0,
2253,21234008,27.229288,3.449379,39,12,,0,
2254,204949001,27.219906,3.449714,39,13,,0,
2255,60332004,27.314514,3.6818485,39,14,,0,
2256,66308002,27.232615,4.139329,39,15,,0,
2257,65118005,27.228247,4.176486,39,16,,0,
2258,3298001,27.30754,4.5400586,39,17,,0,
2259,56454009,27.28854,4.8516393,39,18,,0,
2260,25225006,27.304754,4.8978424,39,19,,0,
2261,197247001,27.319304,4.951613,39,20,,0,
2262,69494008,27.25345,4.972976,39,21,,0,
2263,64936001,27.313538,4.996091,39,22,,0,
2264,86247009,27.212914,5.187911,39,23,,0,
2265,239796000,27.307335,5.264538,39,24,,0,
2266,431481001,27.284637,5.422296,39,25,,0,
2267,82576008,27.262266,5.4404473,39,26,,0,
2268,312128007,27.315882,5.446107,39,27,,0,
2269,195060002,27.271656,5.454886,39,28,,0,
2270,60703000,27.30365,5.4556994,39,29,,0,
2271,413532003,27.262041,5.461562,39,30,,0,
2272,27477003,27.267008,5.7692404,39,31,,0,
2273,128070006,27.206882,5.79031,39,32,,0,
2274,87763006,27.231728,5.8309336,39,33,,0,
2275,49260003,27.318102,5.8367314,39,34,,0,
2276,89077005,27.268906,5.9577622,39,35,3171,0.01,
2277,188445006,27.27223,5.97134,39,36,,0,
2278,66579008,27.330383,5.994328,39,37,3171,0.01,
2279,233958001,27.29074,6.0571527,39,38,,0,
2280,228158008,27.224228,6.151456,39,39,,0,
2281,90858003,27.247385,6.4232593,39,40,,0,
2282,65275009,27.316856,6.494013,39,41,,0,
2283,445238008,27.289064,6.557757,39,42,,0,
2284,128398001,27.2731,6.6078906,39,43,,0,
2285,92649001,27.25084,6.6759043,39,44,,0,
2286,19213003,27.31333,6.7267375,39,45,,0,
2287,300953009,27.273859,6.849694,39,46,3171,0.01,
2288,66123000,27.297218,7.0431676,39,47,3171,0.01,
2289,38013005,27.245306,7.1355495,39,48,,0,
2290,414341000,27.30555,7.424141,39,49,,0,
2291,274713001,27.328213,7.6541862,39,50,,0,
2292,197456007,27.322203,7.668276,39,51,,0,
2293,88577008,27.241398,7.7592936,39,52,,0,
2294,279016001,27.228624,7.776406,39,53,,0,
2295,19579005,27.24041,7.7918887,39,54,,0,
2296,239838005,27.246899,7.7925816,39,55,,0,
2297,6595006,27.260826,7.800668,39,56,,0,
2298,88281007,27.275208,7.801216,39,57,,0,
2299,49120005,27.271442,8.150058,39,58,,0,
2300,197659005,27.258734,8.263557,39,59,,0,
2301,17190001,27.368008,2.6060057,40,1,,0,
2302,204339005,27.447504,2.6954348,40,2,,0,
2303,253184003,27.405901,2.794844,40,3,,0,
2304,204470001,27.337084,2.917033,40,4,,0,
2305,298735007,27.443823,2.9527683,40,5,,0,
2306,253914005,27.340332,2.9993908,40,6,,0,
2307,13601005,27.391819,3.0480592,40,7,,0,
2308,27544004,27.369719,3.5474842,40,8,,0,
2309,193534006,27.449121,3.633467,40,9,,0,
2310,27194006,27.449535,3.7259908,40,10,,0,
2311,68575007,27.396822,3.860758,40,11,,0,
2312,105523009,27.337444,4.1327806,40,12,,0,
2313,394924000,27.343746,4.149494,40,13,,0,
2314,235755005,27.340218,4.4247913,40,14,,0,
2315,95574003,27.423004,4.582938,40,15,,0,
2316,66329006,27.43897,4.697427,40,16,,0,
2317,129679001,27.378735,4.73534,40,17,,0,
2318,417093003,27.458088,4.77819,40,18,,0,
2319,60002000,27.408468,4.855247,40,19,,0,
2320,58265007,27.39546,4.8708777,40,20,,0,
2321,230736007,27.408894,4.955043,40,21,,0,
2322,212966005,27.35633,4.997558,40,22,,0,
2323,131136006,27.39514,5.0135,40,23,,0,
2324,43954004,27.428106,5.022582,40,24,,0,
2325,162053006,27.434963,5.1759095,40,25,,0,
2326,56218007,27.38965,5.2102957,40,26,,0,
2327,198541000000102,27.421198,5.2194576,40,27,,0,
2328,51530003,27.424343,5.339358,40,28,,0,
2329,280137006,27.40432,5.421489,40,29,,0,
2330,20010003,27.444792,5.426698,40,30,,0,
2331,15628003,27.352022,5.476028,40,31,,0,
2332,51037009,27.349934,5.486778,40,32,,0,
2333,37655003,27.374268,5.516416,40,33,,0,
2334,125871005,27.37009,5.549713,40,34,,0,
2335,35991009,27.41761,5.574386,40,35,,0,
2336,103254005,27.378448,5.6612,40,36,,0,
2337,94580002,27.35544,5.8551984,40,37,,0,
2338,24928009,27.392237,5.8993783,40,38,,0,
2339,5609005,27.425364,5.9291472,40,39,,0,
2340,427380004,27.385782,6.033758,40,40,,0,
2341,71792006,27.35989,6.072505,40,41,,0,
2342,425244000,27.393742,6.160322,40,42,,0,
2343,78516000,27.395355,6.3735685,40,43,,0,
2344,47374004,27.359838,6.588486,40,44,,0,
2345,53751009,27.45802,6.6110816,40,45,,0,
2346,200722003,27.46148,6.625431,40,46,,0,
2347,13483000,27.352169,6.6363807,40,47,,0,
2348,127024001,27.399252,6.678501,40,48,,0,
2349,249297006,27.409124,6.6786885,40,49,,0,
2350,197794008,27.366442,6.720942,40,50,,0,
2351,109848009,27.337484,6.788879,40,51,,0,
2352,1376001,27.421188,6.8454065,40,52,,0,
2353,15241006,27.411676,6.9639735,40,53,,0,
2354,212141007,27.448673,7.1299853,40,54,,0,
2355,32595002,27.440823,7.180878,40,55,,0,
2356,37231002,27.420183,7.681635,40,56,,0,
2357,69643006,27.437546,7.768941,40,57,,0,
2358,84178004,27.424618,7.7765226,40,58,,0,
2359,4996001,27.401749,9.002478,40,59,3171,0.01,
2360,204938007,27.506582,2.6641085,41,1,,0,
2361,16402000,27.509422,2.8197944,41,2,,0,
2362,30915001,27.463179,2.9732237,41,3,,0,
2363,391987005,27.487677,3.2313335,41,4,,0,
2364,106169008,27.467552,3.2317822,41,5,,0,
2365,94702005,27.476223,3.2335377,41,6,,0,
2366,86765009,27.4837,3.3970354,41,7,,0,
2367,401269004,27.50109,4.1854863,41,8,,0,
2368,93163002,27.489191,4.2182455,41,9,,0,
2369,373423002,27.493952,4.2325196,41,10,,0,
2370,5149003,27.479233,4.258944,41,11,,0,
2371,289517005,27.49103,4.330508,41,12,,0,
2372,21763005,27.477156,4.3750653,41,13,,0,
2373,60389000,27.497099,4.7337546,41,14,,0,
2374,301113001,27.494373,4.7630816,41,15,,0,
2375,67233009,27.491102,4.8543015,41,16,,0,
2376,423341008,27.467855,4.936615,41,17,,0,
2377,301765007,27.470436,4.9424953,41,18,,0,
2378,405947006,27.467327,4.94445,41,19,,0,
2379,238382001,27.483837,5.1620183,41,20,,0,
2380,27206009,27.474636,5.248049,41,21,,0,
2381,28810003,27.489544,5.273109,41,22,,0,
2382,111752005,27.498909,5.4903646,41,23,,0,
2383,34476008,27.469355,5.521866,41,24,,0,
2384,65194006,27.476532,5.6378026,41,25,,0,
2385,60658009,27.468113,5.7845488,41,26,,0,
2386,432519008,27.489273,5.819956,41,27,,0,
2387,77304007,27.505398,5.945478,41,28,,0,
2388,69850007,27.502306,5.955458,41,29,,0,
2389,7878000,27.474482,6.0142536,41,30,,0,
2390,95556007,27.518497,6.0174727,41,31,,0,
2391,11849007,27.494253,6.083099,41,32,,0,
2392,68345001,27.475733,6.098985,41,33,,0,
2393,16358007,27.485197,6.1313562,41,34,,0,
2394,408694001,27.502113,6.230042,41,35,,0,
2395,267434003,27.488873,6.450491,41,36,,0,
2396,43030007,27.473738,6.6471114,41,37,,0,
2397,240314005,27.515358,6.876714,41,38,,0,
2398,236005001,27.477442,6.908869,41,39,,0,
2399,83270006,27.465923,6.9181867,41,40,,0,
2400,88232005,27.46985,7.208202,41,41,,0,
2401,23154005,27.474699,7.2962074,41,42,,0,
2402,84172003,27.511677,7.525955,41,43,,0,
2403,111374002,27.492428,7.590143,41,44,,0,
2404,31258000,27.469038,7.7142663,41,45,,0,
2405,371438008,27.483824,7.752433,41,46,,0,
2406,274668005,27.47473,7.769345,41,47,,0,
2407,126945001,27.463142,7.8933654,41,48,,0,
2408,1776003,27.503237,8.962379,41,49,,0,
2409,37910008,27.469765,8.96621,41,50,,0,
2410,5913000,27.497644,8.969406,41,51,,0,
2411,50279003,27.488874,8.9710655,41,52,,0,
2412,4519003,27.500889,8.972102,41,53,,0,
2413,18104000,27.498905,8.972155,41,54,,0,
2414,154283005,27.492605,8.97436,41,55,,0,
2415,267430007,27.491066,8.978945,41,56,,0,
2416,167582007,27.497828,8.9795065,41,57,,0,
2417,236467001,27.483215,8.996869,41,58,,0,
2418,4598005,27.464792,9.010861,41,59,,0,
2419,4602007,27.55576,2.7606094,42,1,,0,
2420,95467005,27.583332,2.7984855,42,2,,0,
2421,17268007,27.592419,3.3042176,42,3,,0,
2422,91158006,27.565176,3.3173587,42,4,,0,
2423,62250003,27.540619,3.3193777,42,5,,0,
2424,71959007,27.587313,3.3672864,42,6,,0,
2425,8722008,27.551275,3.4588146,42,7,,0,
2426,2899008,27.571342,3.5305796,42,8,,0,
2427,65759007,27.553215,3.6084137,42,9,3171,0.02,
2428,62085005,27.573755,4.0268574,42,10,,0,
2429,282026002,27.527012,4.4620357,42,11,,0,
2430,268654005,27.576984,4.48432,42,12,,0,
2431,76376003,27.564451,4.6484857,42,13,,0,
2432,278919001,27.532215,4.6676073,42,14,,0,
2433,80449002,27.553913,4.755607,42,15,,0,
2434,46826000,27.57539,4.8146534,42,16,,0,
2435,22495007,27.577177,4.8226905,42,17,,0,
2436,195318006,27.566822,4.839642,42,18,,0,
2437,95868006,27.595741,4.876077,42,19,,0,
2438,89458003,27.540018,4.979011,42,20,,0,
2439,162315007,27.521473,5.014824,42,21,,0,
2440,80384002,27.555334,5.022333,42,22,,0,
2441,2999009,27.594517,5.185102,42,23,3171,0.01,
2442,65778007,27.541569,5.18856,42,24,,0,
2443,267802000,27.542772,5.39011,42,25,3171,0.01,
2444,93472004,27.52101,5.5590177,42,26,,0,
2445,248726001,27.563177,5.6052923,42,27,,0,
2446,201637001,27.561258,5.785232,42,28,,0,
2447,22743000,27.59445,5.9699473,42,29,,0,
2448,399165002,27.537575,5.9976482,42,30,,0,
2449,263013004,27.538153,6.0225697,42,31,,0,
2450,302231008,27.559608,6.03587,42,32,,0,
2451,190902006,27.569237,6.0619473,42,33,,0,
2452,95402002,27.585693,6.1530333,42,34,,0,
2453,10810001,27.565268,6.211263,42,35,,0,
2454,39772007,27.573835,6.229408,42,36,,0,
2455,95532008,27.582521,6.6775637,42,37,,0,
2456,94048009,27.569458,6.689442,42,38,,0,
2457,235494005,27.539782,6.766591,42,39,,0,
2458,230156002,27.547642,6.8561697,42,40,,0,
2459,15842009,27.527895,7.2352657,42,41,,0,
2460,79351003,27.56664,7.430441,42,42,,0,
2461,86708008,27.544752,7.61197,42,43,,0,
2462,23680005,27.568602,8.129915,42,44,,0,
2463,88580009,27.57653,8.168549,42,45,,0,
2464,60600009,27.542387,8.172386,42,46,,0,
2465,50956007,27.582455,8.193386,42,47,,0,
2466,23589004,27.565235,8.1983,42,48,,0,
2467,38086007,27.55043,8.217339,42,49,,0,
2468,371704001,27.57251,8.221736,42,50,,0,
2469,409590008,27.57308,8.233196,42,51,,0,
2470,91109007,27.595776,8.805459,42,52,,0,
2471,268029009,27.552525,8.811513,42,53,,0,
2472,7724006,27.57701,8.82728,42,54,,0,
2473,9631008,27.570963,8.830812,42,55,,0,
2474,36976004,27.566765,8.832758,42,56,,0,
2475,274769005,27.57698,8.841975,42,57,,0,
2476,195382003,27.5613,8.862994,42,58,,0,
2477,299233007,27.54625,8.869074,42,59,,0,
2478,37939008,27.645271,2.816209,43,1,,0,
2479,266570005,27.621078,2.8241827,43,2,,0,
2480,29928006,27.650043,2.8450956,43,3,,0,
2481,95628005,27.652655,2.867107,43,4,,0,
2482,4287008,27.687595,2.8789563,43,5,,0,
2483,428092007,27.67254,2.8976476,43,6,,0,
2484,93390002,27.645735,2.906723,43,7,,0,
2485,74949007,27.652702,2.9100063,43,8,,0,
2486,95499004,27.62791,2.9939065,43,9,,0,
2487,94685002,27.637001,3.3423214,43,10,,0,
2488,37871000,27.618708,3.9789853,43,11,,0,
2489,131061007,27.67655,4.273425,43,12,,0,
2490,95351003,27.677917,4.304538,43,13,,0,
2491,15945005,27.676128,4.32422,43,14,,0,
2492,44780000,27.658869,4.338842,43,15,,0,
2493,278857002,27.66,4.350531,43,16,,0,
2494,59401005,27.678215,4.7948527,43,17,,0,
2495,40979000,27.62201,4.8384423,43,18,,0,
2496,18829008,27.668541,5.0262017,43,19,,0,
2497,48505000,27.647882,5.110145,43,20,,0,
2498,73067008,27.676783,5.1795707,43,21,,0,
2499,102466009,27.608961,5.2680984,43,22,,0,
2500,365967005,27.60484,5.274244,43,23,,0,
2501,28826002,27.61017,5.3537974,43,24,,0,
2502,95549001,27.625381,5.4057813,43,25,,0,
2503,195199008,27.646662,5.4723835,43,26,,0,
2504,190966007,27.674158,5.533349,43,27,,0,
2505,248499004,27.648397,5.6742487,43,28,,0,
2506,255033000,27.663149,5.684577,43,29,,0,
2507,402413008,27.613216,5.856713,43,30,,0,
2508,371029002,27.668884,5.8902535,43,31,,0,
2509,373717006,27.684084,5.967414,43,32,,0,
2510,90584004,27.646124,6.058511,43,33,,0,
2511,426508001,27.688232,6.3213806,43,34,,0,
2512,90070003,27.599045,6.384452,43,35,,0,
2513,281255004,27.68336,6.518958,43,36,,0,
2514,446189008,27.677935,6.5709176,43,37,,0,
2515,126871001,27.660736,6.6169376,43,38,,0,
2516,14189004,27.601017,6.703889,43,39,,0,
2517,369705002,27.634068,6.7233176,43,40,,0,
2518,164951009,27.652126,6.793649,43,41,,0,
2519,33168009,27.652206,6.809363,43,42,,0,
2520,94493005,27.641747,6.877024,43,43,,0,
2521,111293003,27.643421,6.9922814,43,44,,0,
2522,240221008,27.59845,7.031689,43,45,,0,
2523,426373005,27.60538,7.0789566,43,46,,0,
2524,363449006,27.678352,7.1227255,43,47,,0,
2525,8824003,27.653395,7.1240087,43,48,,0,
2526,50705009,27.643421,7.1632047,43,49,,0,
2527,299950000,27.662996,7.2002883,43,50,,0,
2528,279926005,27.686766,7.5420785,43,51,,0,
2529,55855009,27.681515,7.547504,43,52,,0,
2530,235626005,27.67104,7.572502,43,53,,0,
2531,310256002,27.669321,7.6826563,43,54,,0,
2532,274152003,27.646715,7.875475,43,55,,0,
2533,89675003,27.605734,8.089346,43,56,,0,
2534,235917005,27.613846,8.205239,43,57,,0,
2535,39011001,27.616589,8.543844,43,58,,0,
2536,28670008,27.618908,8.721277,43,59,,0,
2537,29980002,27.696821,2.8443487,44,1,,0,
2538,37373007,27.757328,2.9414976,44,2,,0,
2539,247783009,27.754751,2.9672222,44,3,,0,
2540,193683001,27.719402,2.9705787,44,4,,0,
2541,37746008,27.739948,2.979727,44,5,,0,
2542,45361006,27.740362,2.988786,44,6,,0,
2543,95502000,27.729956,2.9897192,44,7,,0,
2544,95509009,27.738834,3.0203893,44,8,,0,
2545,41168002,27.761873,3.0352929,44,9,,0,
2546,95463009,27.700014,3.3550777,44,10,,0,
2547,275348004,27.737564,3.9000814,44,11,,0,
2548,237460007,27.733238,4.0553155,44,12,,0,
2549,6442005,27.710749,4.0721717,44,13,,0,
2550,14520009,27.716425,4.2597814,44,14,,0,
2551,314188009,27.727255,4.325142,44,15,,0,
2552,298390003,27.738697,4.425784,44,16,,0,
2553,86597007,27.70771,4.7269726,44,17,,0,
2554,232349006,27.68897,4.764806,44,18,,0,
2555,76641005,27.756157,4.788706,44,19,,0,
2556,59032001,27.698915,5.2604055,44,20,,0,
2557,21520009,27.695032,5.2853594,44,21,,0,
2558,424551004,27.738394,5.3417726,44,22,,0,
2559,225540005,27.735565,5.37894,44,23,,0,
2560,84679006,27.689693,5.395639,44,24,,0,
2561,95405000,27.69989,5.492978,44,25,,0,
2562,267384006,27.720978,5.4958506,44,26,,0,
2563,262756006,27.69074,5.504374,44,27,,0,
2564,102491009,27.735657,5.6808996,44,28,,0,
2565,83469008,27.752186,5.695605,44,29,,0,
2566,72129000,27.743872,5.717945,44,30,,0,
2567,421895002,27.712105,5.809191,44,31,,0,
2568,57834008,27.747347,5.81762,44,32,,0,
2569,58759008,27.704367,5.959444,44,33,,0,
2570,67536000,27.756664,5.9687743,44,34,,0,
2571,111356006,27.742445,6.014342,44,35,,0,
2572,302116007,27.728611,6.142178,44,36,,0,
2573,165534000,27.740583,6.2549944,44,37,,0,
2574,197250003,27.721983,6.2637467,44,38,,0,
2575,12962009,27.75949,6.337287,44,39,,0,
2576,69914001,27.719173,6.3462133,44,40,,0,
2577,169241000,27.707499,6.3739977,44,41,,0,
2578,60737008,27.747541,6.4046144,44,42,,0,
2579,24526004,27.690987,6.476258,44,43,,0,
2580,64766004,27.68885,6.534995,44,44,,0,
2581,17602002,27.704197,6.547696,44,45,,0,
2582,26576000,27.736298,6.667233,44,46,,0,
2583,251150006,27.71823,6.8051357,44,47,,0,
2584,28102002,27.69861,6.9591756,44,48,,0,
2585,84116009,27.737541,7.022614,44,49,,0,
2586,262966007,27.748186,7.0327263,44,50,,0,
2587,275741008,27.715467,7.219553,44,51,,0,
2588,13277001,27.714544,7.464025,44,52,,0,
2589,197166005,27.703093,7.47343,44,53,,0,
2590,14415006,27.76244,7.4971933,44,54,,0,
2591,274205003,27.690266,7.5026884,44,55,,0,
2592,74728003,27.73065,7.528302,44,56,,0,
2593,398760006,27.7272,7.553225,44,57,,0,
2594,76783007,27.712801,8.017541,44,58,,0,
2595,10552002,27.68906,8.496913,44,59,,0,
2596,68574006,27.805376,3.1286402,45,1,,0,
2597,28314004,27.851036,3.1639934,45,2,,0,
2598,271350002,27.77932,3.6537316,45,3,,0,
2599,22868008,27.772825,3.8683693,45,4,,0,
2600,23685000,27.83518,3.9039748,45,5,,0,
2601,58694006,27.784794,3.9154274,45,6,,0,
2602,51169003,27.773256,3.9241524,45,7,,0,
2603,95400005,27.804873,3.9349015,45,8,,0,
2604,25674000,27.766537,3.935593,45,9,,0,
2605,5321004,27.823635,4.1303043,45,10,,0,
2606,95900002,27.82392,4.1595373,45,11,,0,
2607,29748005,27.813393,4.1891465,45,12,,0,
2608,37031009,27.852688,4.260033,45,13,,0,
2609,73975000,27.828203,4.312519,45,14,,0,
2610,75547007,27.831713,4.5569277,45,15,,0,
2611,128353007,27.786436,4.563145,45,16,,0,
2612,126847008,27.763275,4.5684724,45,17,,0,
2613,442696006,27.83747,4.6724367,45,18,,0,
2614,20930002,27.87525,4.7890167,45,19,,0,
2615,34801009,27.778006,4.7910824,45,20,,0,
2616,251080003,27.879662,4.8417845,45,21,,0,
2617,52073004,27.869154,4.933848,45,22,,0,
2618,70607008,27.85806,4.993501,45,23,,0,
2619,80193009,27.877419,5.1093593,45,24,,0,
2620,47916000,27.847027,5.1608124,45,25,,0,
2621,420990001,27.871462,5.192276,45,26,,0,
2622,126838000,27.800955,5.2031865,45,27,,0,
2623,61683000,27.873402,5.3786683,45,28,,0,
2624,165474009,27.769964,5.4520445,45,29,,0,
2625,29691006,27.765062,5.5038834,45,30,,0,
2626,52230004,27.77632,5.514365,45,31,,0,
2627,9491003,27.831299,5.597063,45,32,,0,
2628,289922002,27.826338,5.643073,45,33,,0,
2629,84849002,27.860125,5.687869,45,34,,0,
2630,33655002,27.849785,5.8548656,45,35,,0,
2631,165541006,27.792793,5.878395,45,36,,0,
2632,2775001,27.774532,5.9370055,45,37,,0,
2633,34441006,27.81243,5.940288,45,38,3171,0.02,
2634,201077008,27.867628,6.084995,45,39,,0,
2635,56097005,27.778173,6.108964,45,40,,0,
2636,16763008,27.793844,6.2077956,45,41,,0,
2637,275437005,27.764086,6.24064,45,42,,0,
2638,17204006,27.832062,6.285834,45,43,,0,
2639,417425009,27.777647,6.382114,45,44,,0,
2640,56478004,27.827904,6.4754906,45,45,,0,
2641,266370006,27.814487,6.5147476,45,46,,0,
2642,30753002,27.771402,6.54407,45,47,,0,
2643,128609009,27.765108,6.554404,45,48,,0,
2644,94161006,27.84078,6.669353,45,49,,0,
2645,125606003,27.841602,6.671226,45,50,,0,
2646,67038005,27.805302,6.732938,45,51,,0,
2647,35158001,27.85561,6.7455845,45,52,,0,
2648,6548007,27.828754,6.76675,45,53,,0,
2649,235875008,27.81854,6.851122,45,54,,0,
2650,425810000,27.7627,6.896933,45,55,,0,
2651,7890003,27.76605,7.0012455,45,56,,0,
2652,5277004,27.835188,7.691153,45,57,,0,
2653,64143008,27.772936,7.7323017,45,58,,0,
2654,35145002,27.880646,7.83092,45,59,,0,
2655,59935001,27.89941,3.0941155,46,1,,0,
2656,19346006,27.913761,3.4407003,46,2,,0,
2657,29271008,27.898888,3.4514534,46,3,,0,
2658,72855002,27.896387,3.4702554,46,4,,0,
2659,425522009,27.93916,3.6841395,46,5,,0,
2660,76991007,27.98122,3.9642117,46,6,,0,
2661,27911000,27.963417,4.2992644,46,7,,0,
2662,224973000,27.925491,4.332665,46,8,,0,
2663,58660009,27.9262,4.4296956,46,9,,0,
2664,30304000,27.922243,4.50195,46,10,,0,
2665,66609003,27.972847,4.577727,46,11,,0,
2666,399257006,27.90241,4.691317,46,12,,0,
2667,45150006,27.972828,4.6993747,46,13,,0,
2668,64583005,27.91301,4.704258,46,14,,0,
2669,79471008,27.975752,4.735709,46,15,,0,
2670,67313008,27.904484,4.8445315,46,16,,0,
2671,102598000,27.975845,4.851445,46,17,,0,
2672,56335008,27.974281,5.0055757,46,18,,0,
2673,16146001,27.92063,5.0396867,46,19,,0,
2674,28432003,27.895313,5.0526466,46,20,,0,
2675,79040006,27.899132,5.1247797,46,21,,0,
2676,33323008,27.985895,5.189355,46,22,,0,
2677,72123004,27.90365,5.249867,46,23,,0,
2678,792004,27.906115,5.314022,46,24,,0,
2679,57194009,27.944662,5.368725,46,25,,0,
2680,1345007,27.9056,5.383738,46,26,,0,
2681,65617004,27.91271,5.4040356,46,27,,0,
2682,126824007,27.98762,5.443813,46,28,,0,
2683,83940008,27.955128,5.5748763,46,29,,0,
2684,87361006,27.980654,5.6263795,46,30,,0,
2685,23267004,27.912891,5.6615443,46,31,,0,
2686,414603003,27.918255,5.7431126,46,32,,0,
2687,63081009,27.925676,5.9564533,46,33,,0,
2688,103269006,27.896976,6.0146394,46,34,,0,
2689,34923007,27.985104,6.023491,46,35,,0,
2690,262796008,27.904161,6.04957,46,36,,0,
2691,309198006,27.908756,6.09719,46,37,,0,
2692,14232007,27.940475,6.1351023,46,38,,0,
2693,91637004,27.88919,6.2134957,46,39,,0,
2694,367649002,27.929842,6.287646,46,40,,0,
2695,9250002,27.964151,6.289729,46,41,,0,
2696,1518005,27.941418,6.293798,46,42,,0,
2697,254671003,27.901001,6.338299,46,43,,0,
2698,40122008,27.987862,6.351848,46,44,,0,
2699,94286009,27.96552,6.3577642,46,45,,0,
2700,275273001,27.94567,6.359978,46,46,,0,
2701,92272009,27.937588,6.362046,46,47,,0,
2702,50063009,27.930834,6.3681235,46,48,,0,
2703,32931001,27.881462,6.4074297,46,49,,0,
2704,102634007,27.988348,6.4294643,46,50,,0,
2705,262525000,27.926016,6.538576,46,51,3171,0.01,
2706,373436002,27.911934,6.5902977,46,52,,0,
2707,371822007,27.967007,6.688923,46,53,,0,
2708,62994001,27.987532,6.7404075,46,54,,0,
2709,74853008,27.930418,6.864348,46,55,,0,
2710,67362008,27.951227,7.2902794,46,56,,0,
2711,95399003,27.982214,7.3057075,46,57,,0,
2712,1078551000119107,27.977432,7.318672,46,58,,0,
2713,87248009,27.9645,7.8415866,46,59,,0,
2714,266413002,28.01032,3.5419643,47,1,,0,
2715,71851009,28.007156,3.5549545,47,2,,0,
2716,16507009,28.031887,3.5845592,47,3,,0,
2717,33010005,28.015642,3.593671,47,4,,0,
2718,201281002,28.069555,3.5978997,47,5,,0,
2719,35964007,28.018702,3.6325805,47,6,,0,
2720,49130001,28.09048,3.8901784,47,7,,0,
2721,14077003,28.0925,3.8949797,47,8,,0,
2722,6208003,28.077572,4.089093,47,9,,0,
2723,59050008,28.032076,4.439068,47,10,,0,
2724,402875000,28.000223,4.66915,47,11,,0,
2725,405950009,27.991013,4.763505,47,12,,0,
2726,119420007,28.034033,4.85924,47,13,,0,
2727,64169002,28.058577,4.978726,47,14,,0,
2728,81598001,27.99118,5.0190115,47,15,,0,
2729,17383000,28.065157,5.0530095,47,16,,0,
2730,50817002,28.030016,5.0598974,47,17,,0,
2731,88174006,28.06388,5.1104174,47,18,,0,
2732,66998000,28.081968,5.1366315,47,19,,0,
2733,282783001,28.03215,5.1503487,47,20,3171,0.01,
2734,44913001,28.042173,5.239499,47,21,,0,
2735,112070001,28.004282,5.27021,47,22,,0,
2736,372146004,28.007307,5.3304925,47,23,,0,
2737,13370002,28.03173,5.438993,47,24,,0,
2738,72284000,28.04737,5.470247,47,25,,0,
2739,49746001,28.012638,5.4997416,47,26,,0,
2740,102479000,28.054733,5.5826654,47,27,,0,
2741,63720000,28.054316,5.5938168,47,28,,0,
2742,271793004,28.090023,5.600268,47,29,,0,
2743,2764000,28.025702,5.637777,47,30,,0,
2744,238408000,28.015373,5.6921353,47,31,,0,
2745,94665001,28.072588,5.7514586,47,32,,0,
2746,127388009,28.08694,5.777454,47,33,,0,
2747,88587007,28.065828,5.9194183,47,34,,0,
2748,94313005,28.024134,5.967543,47,35,,0,
2749,65074000,28.024622,5.991302,47,36,,0,
2750,193198003,28.08577,6.117251,47,37,,0,
2751,20928004,27.991426,6.153451,47,38,,0,
2752,77365006,28.085585,6.180858,47,39,,0,
2753,402296004,28.0458,6.1894093,47,40,,0,
2754,75789001,28.03506,6.205014,47,41,,0,
2755,110149000,27.99445,6.2389145,47,42,,0,
2756,47639008,28.009754,6.2837725,47,43,,0,
2757,102553006,28.043917,6.317218,47,44,,0,
2758,233793003,28.08221,6.3670516,47,45,,0,
2759,254626006,28.034134,6.371854,47,46,,0,
2760,165145005,28.018288,6.408003,47,47,,0,
2761,105530003,28.056541,6.4382653,47,48,,0,
2762,197866008,28.065655,6.576343,47,49,,0,
2763,254902007,28.046803,6.6014075,47,50,,0,
2764,424114000,28.014038,6.8358097,47,51,,0,
2765,198035003,28.087748,7.015791,47,52,,0,
2766,240196003,28.0464,7.0329137,47,53,,0,
2767,251019006,27.991468,7.0358334,47,54,,0,
2768,254588001,27.998138,7.4056435,47,55,,0,
2769,39785005,28.066542,7.4650226,47,56,,0,
2770,62484002,28.032652,7.7697706,47,57,,0,
2771,428700003,27.997686,7.771946,47,58,,0,
2772,430974008,28.003922,7.7805786,47,59,,0,
2773,80212005,28.11026,3.8128765,48,1,,0,
2774,87540003,28.108013,3.8388417,48,2,,0,
2775,9067002,28.163158,4.3733544,48,3,,0,
2776,36948007,28.139435,4.3782535,48,4,,0,
2777,106051002,28.108671,4.5135126,48,5,,0,
2778,95381006,28.166971,4.522468,48,6,,0,
2779,58326007,28.175493,4.5328016,48,7,,0,
2780,23024003,28.183672,4.703146,48,8,,0,
2781,230456007,28.150223,4.782104,48,9,,0,
2782,55350005,28.124521,4.8401933,48,10,3171,0.02,
2783,235049008,28.145525,4.9374294,48,11,,0,
2784,63725005,28.136433,4.978248,48,12,,0,
2785,169741004,28.103304,5.025188,48,13,,0,
2786,195114002,28.11117,5.203867,48,14,,0,
2787,247832004,28.092958,5.210303,48,15,,0,
2788,429195002,28.12265,5.2183976,48,16,,0,
2789,102948009,28.14267,5.2306094,48,17,,0,
2790,167741009,28.17724,5.247839,48,18,,0,
2791,228281002,28.169592,5.265103,48,19,,0,
2792,27023008,28.112577,5.336208,48,20,,0,
2793,72431002,28.138554,5.3937206,48,21,,0,
2794,69758005,28.172628,5.434077,48,22,,0,
2795,127346000,28.160099,5.460956,48,23,,0,
2796,42365007,28.138245,5.464047,48,24,,0,
2797,247032003,28.176628,5.571954,48,25,,0,
2798,64514005,28.132002,5.576911,48,26,,0,
2799,92186001,28.134966,5.665121,48,27,,0,
2800,266330004,28.151281,5.7184973,48,28,,0,
2801,425500002,28.13844,5.7371106,48,29,,0,
2802,118230007,28.15694,5.8326025,48,30,,0,
2803,11888009,28.14542,5.8377814,48,31,,0,
2804,1214006,28.17383,5.978521,48,32,,0,
2805,165547005,28.173058,5.9792905,48,33,,0,
2806,301779004,28.144869,5.979659,48,34,,0,
2807,399291005,28.149363,6.0256248,48,35,,0,
2808,80474004,28.166183,6.0494723,48,36,,0,
2809,131113002,28.10612,6.115013,48,37,,0,
2810,60826002,28.15485,6.279185,48,38,,0,
2811,276818002,28.133614,6.3671803,48,39,,0,
2812,269469005,28.106152,6.393812,48,40,,0,
2813,403285003,28.097683,6.5175853,48,41,,0,
2814,93665005,28.122122,6.640462,48,42,,0,
2815,61804006,28.10163,6.753703,48,43,,0,
2816,293637006,28.16118,6.8176384,48,44,,0,
2817,36029005,28.114836,6.9898033,48,45,,0,
2818,86500004,28.112705,7.059088,48,46,,0,
2819,285680001,28.126856,7.06359,48,47,,0,
2820,399326009,28.107384,7.0718727,48,48,,0,
2821,87614000,28.125305,7.223756,48,49,,0,
2822,238149007,28.144379,7.230787,48,50,,0,
2823,31848007,28.102057,7.2618217,48,51,,0,
2824,1539003,28.095537,7.2798233,48,52,,0,
2825,42386007,28.122244,7.315304,48,53,,0,
2826,85305001,28.18273,7.3828826,48,54,,0,
2827,404224009,28.166912,7.4123893,48,55,,0,
2828,195147006,28.106335,7.4336143,48,56,,0,
2829,95437004,28.136332,7.7379627,48,57,,0,
2830,23019001,28.095549,7.9757986,48,58,,0,
2831,235886005,28.179901,8.000472,48,59,,0,
2832,6096002,28.187284,3.9134834,49,1,,0,
2833,73583000,28.271572,4.2847977,49,2,,0,
2834,248626009,28.259708,4.57547,49,3,,0,
2835,247917007,28.230326,4.641423,49,4,,0,
2836,43242008,28.20653,4.781551,49,5,,0,
2837,36209000,28.195368,4.9066386,49,6,,0,
2838,55341008,28.266876,5.0935726,49,7,,0,
2839,439470001,28.194319,5.177365,49,8,,0,
2840,30693006,28.194296,5.2387166,49,9,,0,
2841,10803007,28.210985,5.319482,49,10,,0,
2842,87970004,28.220995,5.348676,49,11,,0,
2843,83458005,28.205494,5.350116,49,12,,0,
2844,95332009,28.256958,5.398346,49,13,,0,
2845,30704002,28.244335,5.4108496,49,14,,0,
2846,71772004,28.185057,5.4408665,49,15,,0,
2847,51921000,28.192293,5.4440885,49,16,,0,
2848,248052004,28.238577,5.535804,49,17,,0,
2849,197432008,28.258297,5.565956,49,18,,0,
2850,278545001,28.243713,5.572059,49,19,,0,
2851,39672001,28.193398,5.5775084,49,20,,0,
2852,217070006,28.237919,5.604643,49,21,,0,
2853,9389005,28.235998,5.666814,49,22,,0,
2854,41370002,28.274958,5.726608,49,23,,0,
2855,236488005,28.261005,5.73011,49,24,,0,
2856,392133001,28.24548,5.783823,49,25,,0,
2857,362999008,28.196955,5.788422,49,26,,0,
2858,213220000,28.189716,5.876966,49,27,,0,
2859,282068002,28.230324,5.9259024,49,28,,0,
2860,42338000,28.188839,5.940107,49,29,,0,
2861,92038006,28.274557,5.9752164,49,30,,0,
2862,371413003,28.226427,6.002565,49,31,,0,
2863,233845001,28.270653,6.008544,49,32,,0,
2864,84004001,28.20705,6.057586,49,33,,0,
2865,266081001,28.270874,6.145279,49,34,,0,
2866,35498005,28.25856,6.1613746,49,35,,0,
2867,88213004,28.197544,6.1629195,49,36,,0,
2868,64233004,28.270096,6.2099733,49,37,,0,
2869,2089002,28.199451,6.2671943,49,38,,0,
2870,87322003,28.18466,6.492898,49,39,,0,
2871,37992001,28.204826,6.5549293,49,40,,0,
2872,93839008,28.272339,6.5561886,49,41,,0,
2873,95531001,28.209017,6.592834,49,42,,0,
2874,33595009,28.235182,6.6241984,49,43,,0,
2875,42711005,28.218506,6.714217,49,44,,0,
2876,235753003,28.198448,6.716471,49,45,,0,
2877,21615003,28.245222,6.719477,49,46,,0,
2878,449814007,28.261652,6.738466,49,47,,0,
2879,94579000,28.239971,6.7509127,49,48,,0,
2880,94327000,28.241545,6.779579,49,49,,0,
2881,87386002,28.260962,6.8870964,49,50,,0,
2882,10890000,28.2168,6.9465895,49,51,,0,
2883,58762006,28.24932,7.0676804,49,52,,0,
2884,71262003,28.241093,7.4351854,49,53,,0,
2885,16119006,28.246729,7.4754763,49,54,,0,
2886,363478007,28.20613,7.516378,49,55,,0,
2887,167057000,28.260447,7.5881314,49,56,,0,
2888,51887003,28.26167,7.9473906,49,57,,0,
2889,67426006,28.212185,7.9706883,49,58,,0,
2890,58381000,28.218576,8.051801,49,59,,0,
2891,24473007,28.315397,3.8921645,50,1,,0,
2892,91967007,28.364841,3.9402232,50,2,,0,
2893,61169001,28.350498,3.944663,50,3,,0,
2894,84017003,28.337936,4.2268558,50,4,,0,
2895,131127007,28.286634,4.246203,50,5,,0,
2896,211589009,28.345327,4.256439,50,6,,0,
2897,71785001,28.32306,4.5422916,50,7,,0,
2898,164912004,28.298887,4.5742393,50,8,,0,
2899,13052006,28.353746,4.7090936,50,9,,0,
2900,28394000,28.303164,4.8290644,50,10,,0,
2901,253143001,28.338814,4.8840837,50,11,,0,
2902,237036002,28.348505,4.978323,50,12,,0,
2903,88157006,28.310379,4.9948125,50,13,,0,
2904,390789009,28.36039,5.011902,50,14,,0,
2905,254845004,28.275307,5.0902405,50,15,,0,
2906,87076008,28.360434,5.4110875,50,16,,0,
2907,94360002,28.316038,5.441935,50,17,,0,
2908,299849001,28.325022,5.4538507,50,18,,0,
2909,23115009,28.361143,5.5741453,50,19,,0,
2910,89420002,28.358727,5.589958,50,20,,0,
2911,82119001,28.307158,5.9379125,50,21,,0,
2912,396701002,28.312365,5.9525166,50,22,,0,
2913,94292003,28.33103,6.0061736,50,23,,0,
2914,57773001,28.297459,6.0359273,50,24,,0,
2915,428090004,28.319004,6.12448,50,25,,0,
2916,300287006,28.35453,6.132374,50,26,,0,
2917,61565001,28.297674,6.256824,50,27,,0,
2918,194387002,28.346783,6.270848,50,28,,0,
2919,417373000,28.282093,6.314085,50,29,,0,
2920,85942002,28.2964,6.320153,50,30,,0,
2921,165465007,28.35987,6.328956,50,31,,0,
2922,65508009,28.365484,6.343129,50,32,,0,
2923,363475005,28.284988,6.436863,50,33,,0,
2924,58718002,28.326035,6.5247846,50,34,,0,
2925,36317006,28.295391,6.5475025,50,35,,0,
2926,6284004,28.294018,6.5834756,50,36,,0,
2927,240211000,28.340946,6.655548,50,37,,0,
2928,38481006,28.310274,6.738533,50,38,,0,
2929,94628003,28.338963,6.77443,50,39,,0,
2930,9404003,28.346806,6.867247,50,40,,0,
2931,53772007,28.323872,6.9062295,50,41,,0,
2932,92027006,28.295498,6.9178696,50,42,,0,
2933,126537000,28.287598,6.935927,50,43,,0,
2934,186437007,28.296566,7.1673155,50,44,,0,
2935,11301007,28.34147,7.3804464,50,45,,0,
2936,72325004,28.321388,7.4242716,50,46,,0,
2937,247369005,28.28105,7.505606,50,47,,0,
2938,2169001,28.349718,7.5598984,50,48,,0,
2939,234347009,28.331396,7.881113,50,49,,0,
2940,274783007,28.278486,7.9081974,50,50,,0,
2941,88075009,28.332447,7.9087973,50,51,,0,
2942,24867002,28.292315,8.016992,50,52,,0,
2943,408663001,28.338896,8.078353,50,53,,0,
2944,27830001,28.360361,8.094081,50,54,,0,
2945,82184000,28.365408,8.115316,50,55,,0,
2946,61011009,28.364967,8.128317,50,56,,0,
2947,39402007,28.363361,8.129329,50,57,,0,
2948,413603009,28.358057,8.1304035,50,58,,0,
2949,255109008,28.364035,8.13251,50,59,,0,
2950,44057004,28.40571,2.7657807,51,1,,0,
2951,57497006,28.386223,2.954079,51,2,,0,
2952,407000,28.442732,3.029924,51,3,,0,
2953,73028002,28.40847,3.5288963,51,4,,0,
2954,50920009,28.366465,3.6008172,51,5,,0,
2955,262818004,28.440182,3.8071938,51,6,,0,
2956,3344003,28.426647,3.8704553,51,7,,0,
2957,24976005,28.397396,3.9225748,51,8,,0,
2958,20721001,28.371506,3.9331882,51,9,,0,
2959,73757007,28.434696,3.9417987,51,10,,0,
2960,71820002,28.391409,3.9498713,51,11,,0,
2961,73342002,28.381554,3.960694,51,12,,0,
2962,91855006,28.368141,3.966666,51,13,,0,
2963,447109003,28.377188,3.9866538,51,14,,0,
2964,102567002,28.440258,4.3636837,51,15,,0,
2965,248062006,28.429394,4.6155653,51,16,,0,
2966,196125002,28.37564,4.6820974,51,17,,0,
2967,9651007,28.432703,4.7276053,51,18,,0,
2968,30800001,28.450384,4.8888917,51,19,,0,
2969,39479004,28.37661,4.9226413,51,20,,0,
2970,254634000,28.420492,4.992261,51,21,,0,
2971,128134005,28.440674,4.995638,51,22,,0,
2972,111489007,28.426083,5.2262807,51,23,,0,
2973,417329004,28.410816,5.2463136,51,24,,0,
2974,31053003,28.401867,5.316187,51,25,,0,
2975,11804009,28.36869,5.3227615,51,26,,0,
2976,88968005,28.429083,5.363854,51,27,,0,
2977,371984007,28.40613,5.4870796,51,28,,0,
2978,70908000,28.40877,5.539533,51,29,,0,
2979,27503000,28.406166,5.619272,51,30,,0,
2980,80423007,28.39572,5.645255,51,31,,0,
2981,23794001,28.441984,5.6861877,51,32,,0,
2982,86075001,28.416027,5.690471,51,33,,0,
2983,300297002,28.38574,5.737153,51,34,,0,
2984,275320004,28.377829,5.7595196,51,35,3171,0.01,
2985,127020005,28.395355,5.7627444,51,36,,0,
2986,234191002,28.381437,5.763674,51,37,,0,
2987,201020007,28.440899,6.016453,51,38,,0,
2988,34255001,28.412716,6.0569377,51,39,,0,
2989,79216009,28.433912,6.075488,51,40,,0,
2990,413656006,28.389353,6.0833015,51,41,,0,
2991,247382002,28.419647,6.144289,51,42,,0,
2992,81956008,28.43171,6.1555924,51,43,,0,
2993,54609002,28.369286,6.192638,51,44,,0,
2994,17097001,28.444107,6.2593374,51,45,,0,
2995,371970002,28.366991,6.3010163,51,46,,0,
2996,32307003,28.401667,6.3980165,51,47,,0,
2997,290077003,28.427921,6.658503,51,48,,0,
2998,168501001,28.43206,6.7570615,51,49,,0,
2999,36083008,28.385098,6.8811274,51,50,,0,
3000,366236007,28.42497,6.913861,51,51,,0,
3001,87500009,28.365955,7.109017,51,52,,0,
3002,75229002,28.370136,8.086998,51,53,,0,
3003,403906006,28.370663,8.123308,51,54,,0,
3004,190905008,28.388882,8.123862,51,55,,0,
3005,232006002,28.40732,8.127299,51,56,,0,
3006,89980009,28.379877,8.149133,51,57,,0,
3007,363393007,28.388977,8.150111,51,58,,0,
3008,235911006,28.401123,8.158545,51,59,,0,
3009,109515000,28.489422,2.6908336,52,1,,0,
3010,200946001,28.486074,2.7245443,52,2,,0,
3011,66948001,28.466482,2.7347627,52,3,,0,
3012,32659003,28.475769,2.7415445,52,4,,0,
3013,34911001,28.481733,2.742113,52,5,,0,
3014,61142002,28.46485,2.7461464,52,6,,0,
3015,95515009,28.459349,2.7513704,52,7,,0,
3016,102627005,28.46258,3.0064688,52,8,,0,
3017,23414001,28.467243,3.0230324,52,9,,0,
3018,403198004,28.462194,3.0919678,52,10,,0,
3019,399992009,28.454514,3.748679,52,11,,0,
3020,28031001,28.506327,3.8122318,52,12,,0,
3021,63144007,28.481314,4.2684183,52,13,,0,
3022,286756000,28.45164,4.4930096,52,14,,0,
3023,5332004,28.470448,4.663729,52,15,,0,
3024,161112004,28.53387,4.8459024,52,16,,0,
3025,247706003,28.505272,4.8631287,52,17,,0,
3026,123843001,28.477352,5.0530996,52,18,,0,
3027,58963008,28.478073,5.138963,52,19,,0,
3028,214290000,28.53256,5.154921,52,20,,0,
3029,420120006,28.488943,5.2266235,52,21,,0,
3030,404906000,28.479383,5.3035564,52,22,,0,
3031,8579004,28.499563,5.331186,52,23,,0,
3032,247401007,28.514818,5.353168,52,24,,0,
3033,73132005,28.50996,5.353523,52,25,,0,
3034,190818004,28.54918,5.3718123,52,26,,0,
3035,40593004,28.542114,5.405164,52,27,,0,
3036,9447003,28.518135,5.5252805,52,28,,0,
3037,30911005,28.504854,5.5541344,52,29,,0,
3038,236302005,28.48563,5.6151648,52,30,,0,
3039,12026006,28.510725,5.6999364,52,31,,0,
3040,426566004,28.537632,5.7103,52,32,,0,
3041,88032003,28.508158,5.791986,52,33,,0,
3042,15402006,28.471653,5.834727,52,34,,0,
3043,35868009,28.539257,5.880617,52,35,,0,
3044,396559007,28.476637,5.9163055,52,36,,0,
3045,126765001,28.481947,6.077224,52,37,,0,
3046,274134003,28.528696,6.246049,52,38,,0,
3047,58648008,28.532612,6.260352,52,39,,0,
3048,290187002,28.531075,6.3166113,52,40,,0,
3049,6929003,28.536585,6.350474,52,41,,0,
3050,94441008,28.453749,6.376016,52,42,,0,
3051,271700006,28.507294,6.4410863,52,43,,0,
3052,73861008,28.516348,6.50889,52,44,,0,
3053,370469003,28.476519,6.596016,52,45,,0,
3054,74450001,28.476583,6.655181,52,46,,0,
3055,71938000,28.536816,6.6617193,52,47,,0,
3056,372109003,28.45597,6.8325124,52,48,,0,
3057,198319004,28.52571,6.889157,52,49,,0,
3058,64586002,28.457811,6.8928995,52,50,,0,
3059,17024001,28.462751,6.908396,52,51,,0,
3060,4969004,28.549707,6.923553,52,52,,0,
3061,427898007,28.45128,6.932169,52,53,,0,
3062,373425009,28.523321,6.981154,52,54,,0,
3063,70346000,28.533136,7.061697,52,55,,0,
3064,405773007,28.517015,7.335705,52,56,,0,
3065,4522001,28.515118,7.3888164,52,57,,0,
3066,46090001,28.489468,8.071821,52,58,,0,
3067,49701002,28.452955,8.086239,52,59,,0,
3068,77628002,28.565933,3.7760117,53,1,,0,
3069,103018003,28.565569,4.4994674,53,2,,0,
3070,63416000,28.621002,4.565481,53,3,,0,
3071,247470007,28.574646,4.6737375,53,4,,0,
3072,68409003,28.5567,4.732305,53,5,,0,
3073,48386003,28.62233,4.812191,53,6,,0,
3074,124020004,28.608084,4.9415708,53,7,,0,
3075,43548008,28.571802,5.0579824,53,8,,0,
3076,758002,28.597816,5.1104684,53,9,,0,
3077,301775005,28.594833,5.1599236,53,10,,0,
3078,118928003,28.570393,5.4251375,53,11,,0,
3079,27151001,28.568518,5.525054,53,12,,0,
3080,236645006,28.606798,5.525365,53,13,,0,
3081,30085007,28.617071,5.5861716,53,14,,0,
3082,41587001,28.564064,5.609155,53,15,,0,
3083,81573002,28.586168,5.6335273,53,16,,0,
3084,274141009,28.607687,5.6412706,53,17,,0,
3085,194005002,28.577871,5.646634,53,18,,0,
3086,169255008,28.585443,5.648056,53,19,,0,
3087,400080004,28.592688,5.6718893,53,20,,0,
3088,127021009,28.603956,5.7361026,53,21,,0,
3089,32758004,28.572966,5.7790127,53,22,,0,
3090,85007004,28.56833,5.8883076,53,23,,0,
3091,94297009,28.565126,5.893415,53,24,,0,
3092,95675005,28.553465,5.8967776,53,25,,0,
3093,271326004,28.550846,5.929109,53,26,,0,
3094,80497001,28.565205,5.9854903,53,27,,0,
3095,247389006,28.594324,6.007118,53,28,,0,
3096,90520006,28.596457,6.03871,53,29,,0,
3097,86269002,28.555231,6.06246,53,30,,0,
3098,237784000,28.594873,6.0973935,53,31,,0,
3099,111839008,28.616714,6.1642776,53,32,,0,
3100,105494007,28.579784,6.184455,53,33,,0,
3101,170627008,28.62023,6.282511,53,34,,0,
3102,409780002,28.622461,6.3079295,53,35,,0,
3103,196546001,28.600391,6.395381,53,36,,0,
3104,86044005,28.59182,6.413802,53,37,,0,
3105,63491006,28.560352,6.424454,53,38,,0,
3106,11296007,28.584265,6.4615517,53,39,,0,
3107,234978004,28.61213,6.4787393,53,40,3171,0.01,
3108,313283000,28.575552,6.5660644,53,41,,0,
3109,75038005,28.568205,6.6046023,53,42,,0,
3110,10085004,28.606882,6.869009,53,43,,0,
3111,81634008,28.552464,6.9105372,53,44,,0,
3112,300920004,28.574507,6.921046,53,45,,0,
3113,87065009,28.593178,6.937373,53,46,,0,
3114,52404001,28.58537,6.976981,53,47,,0,
3115,254750001,28.590134,7.154631,53,48,,0,
3116,88230002,28.551899,7.1938057,53,49,,0,
3117,94217008,28.585335,7.202539,53,50,,0,
3118,440299000,28.608019,7.2067995,53,51,,0,
3119,76462000,28.578274,7.2247214,53,52,,0,
3120,235634004,28.598557,7.2462955,53,53,,0,
3121,129750001,28.577456,7.3606915,53,54,,0,
3122,31825002,28.595697,7.3869295,53,55,,0,
3123,61960001,28.593496,7.3915005,53,56,,0,
3124,191394000,28.603731,7.420019,53,57,,0,
3125,109333005,28.601141,7.451764,53,58,,0,
3126,266418006,28.56133,7.4593015,53,59,,0,
3127,206331005,28.714397,3.7128763,54,1,,0,
3128,95802009,28.704483,3.7229881,54,2,,0,
3129,230769007,28.655685,3.756607,54,3,,0,
3130,76976005,28.717358,3.8070881,54,4,,0,
3131,200755008,28.702581,4.2154036,54,5,,0,
3132,39926002,28.714369,4.306304,54,6,,0,
3133,276477006,28.635176,4.4242854,54,7,,0,
3134,58690002,28.688313,4.498895,54,8,,0,
3135,54012000,28.701609,4.5312123,54,9,,0,
3136,405810005,28.719193,4.5340977,54,10,,0,
3137,4834000,28.709818,4.5577,54,11,,0,
3138,429998004,28.655485,4.672376,54,12,,0,
3139,418801006,28.637684,4.7803936,54,13,,0,
3140,274708000,28.698214,5.126326,54,14,,0,
3141,29120000,28.669525,5.150292,54,15,,0,
3142,267386008,28.635807,5.2096486,54,16,,0,
3143,312999006,28.70717,5.210531,54,17,,0,
3144,9078005,28.657158,5.2347474,54,18,,0,
3145,43935004,28.682444,5.308508,54,19,,0,
3146,59172008,28.642778,5.3334017,54,20,,0,
3147,254632001,28.662851,5.3578916,54,21,,0,
3148,88415009,28.623526,5.440815,54,22,,0,
3149,249279003,28.715313,5.447664,54,23,,0,
3150,124019005,28.676802,5.4592013,54,24,,0,
3151,31845005,28.630253,5.494968,54,25,,0,
3152,166160000,28.669384,5.495893,54,26,,0,
3153,131137002,28.682491,5.569961,54,27,,0,
3154,4776004,28.69416,5.578649,54,28,,0,
3155,67374007,28.645855,5.6094565,54,29,,0,
3156,24548005,28.712208,5.6475434,54,30,,0,
3157,37151006,28.650589,5.6536255,54,31,,0,
3158,44352004,28.673689,5.6575904,54,32,,0,
3159,300908007,28.645977,5.746084,54,33,,0,
3160,409778008,28.639664,5.7673173,54,34,,0,
3161,186738001,28.675407,5.7924376,54,35,,0,
3162,83942000,28.691162,5.8447037,54,36,,0,
3163,39929009,28.707312,5.848663,54,37,,0,
3164,167183007,28.648798,5.858879,54,38,,0,
3165,240096000,28.664644,5.8704133,54,39,,0,
3166,95378001,28.624933,5.95607,54,40,,0,
3167,111605007,28.71241,5.9962864,54,41,,0,
3168,24369008,28.658806,6.0990887,54,42,,0,
3169,266417001,28.717802,6.1000776,54,43,,0,
3170,195881003,28.675055,6.133981,54,44,,0,
3171,34020007,28.692646,6.146542,54,45,,0,
3172,10597006,28.714645,6.329559,54,46,,0,
3173,42116007,28.699308,6.33655,54,47,,0,
3174,208122008,28.683657,6.4257803,54,48,,0,
3175,410813000,28.6396,6.4469047,54,49,,0,
3176,77182004,28.667252,6.5175195,54,50,,0,
3177,76107001,28.63328,6.7817903,54,51,,0,
3178,43144004,28.656057,6.8896494,54,52,,0,
3179,65966004,28.680105,6.9108386,54,53,,0,
3180,21794005,28.635553,6.9207945,54,54,,0,
3181,278650002,28.69996,6.9514575,54,55,,0,
3182,235104008,28.623816,7.225765,54,56,3171,0.01,
3183,111347003,28.67104,7.3153553,54,57,,0,
3184,109675004,28.642061,7.3329687,54,58,,0,
3185,66517001,28.670042,7.3833747,54,59,,0,
3186,61267008,28.76706,3.709663,55,1,,0,
3187,91514001,28.76353,3.7345517,55,2,,0,
3188,95519003,28.736609,3.7391422,55,3,,0,
3189,95356008,28.753206,3.7480023,55,4,,0,
3190,95695004,28.725557,3.790435,55,5,,0,
3191,76682005,28.80447,3.820039,55,6,,0,
3192,28998008,28.814375,4.044157,55,7,,0,
3193,312155003,28.787073,4.2253695,55,8,,0,
3194,200973000,28.795517,4.281593,55,9,,0,
3195,50573001,28.775326,4.281752,55,10,,0,
3196,271687003,28.797915,4.2892785,55,11,,0,
3197,31822004,28.76914,4.2898936,55,12,,0,
3198,167244000,28.778183,4.2985764,55,13,,0,
3199,51930008,28.730318,4.4539905,55,14,,0,
3200,402693001,28.826645,4.7134647,55,15,,0,
3201,74390002,28.823914,4.726568,55,16,,0,
3202,80098002,28.80226,4.7455487,55,17,,0,
3203,26665006,28.783455,4.844124,55,18,,0,
3204,85848002,28.822012,4.8505654,55,19,,0,
3205,80711002,28.802202,4.8793745,55,20,,0,
3206,89797005,28.776182,4.904019,55,21,,0,
3207,21954000,28.762548,5.1848345,55,22,,0,
3208,109992005,28.738865,5.1863236,55,23,,0,
3209,9957009,28.756763,5.227998,55,24,,0,
3210,5552004,28.780754,5.280596,55,25,,0,
3211,300915004,28.743849,5.386042,55,26,,0,
3212,33719002,28.818222,5.435159,55,27,,0,
3213,190502001,28.825056,5.437064,55,28,,0,
3214,232347008,28.743065,5.4678345,55,29,,0,
3215,300959008,28.779085,5.4750266,55,30,,0,
3216,168448002,28.79859,5.5193143,55,31,,0,
3217,124042003,28.82534,5.5581455,55,32,,0,
3218,11251000,28.71942,5.637118,55,33,,0,
3219,402863005,28.76858,5.6453676,55,34,,0,
3220,83225003,28.726019,5.7175694,55,35,,0,
3221,25173007,28.793106,5.7260156,55,36,,0,
3222,94409002,28.789711,5.874297,55,37,,0,
3223,373136005,28.721508,6.030133,55,38,,0,
3224,237072009,28.73223,6.0678296,55,39,,0,
3225,5587004,28.720514,6.2984114,55,40,,0,
3226,274179004,28.824871,6.317511,55,41,,0,
3227,89620005,28.770193,6.39516,55,42,,0,
3228,111550004,28.77197,6.550368,55,43,,0,
3229,1926006,28.807207,6.641876,55,44,,0,
3230,64455005,28.725494,6.6897054,55,45,,0,
3231,60189009,28.825684,6.7314587,55,46,,0,
3232,16726004,28.785576,6.794297,55,47,,0,
3233,36925002,28.81968,6.883317,55,48,,0,
3234,77493009,28.727024,7.008684,55,49,,0,
3235,30654002,28.810358,7.0174885,55,50,,0,
3236,1415005,28.815754,7.019728,55,51,,0,
3237,27281001,28.82035,7.020109,55,52,,0,
3238,230759001,28.78364,7.1262207,55,53,,0,
3239,44551007,28.764294,7.220576,55,54,,0,
3240,252005008,28.746786,7.2719316,55,55,,0,
3241,419642000,28.76647,7.295105,55,56,,0,
3242,77867006,28.81868,7.525516,55,57,,0,
3243,396347007,28.801046,7.5654426,55,58,,0,
3244,111975006,28.82391,7.5866838,55,59,,0,
3245,57534004,28.829744,3.9051142,56,1,,0,
3246,191306005,28.985043,4.346766,56,2,,0,
3247,42513006,28.907766,4.604375,56,3,,0,
3248,192679007,29.018267,4.6534386,56,4,,0,
3249,64228003,28.912603,4.683636,56,5,,0,
3250,44515000,28.873894,4.696042,56,6,,0,
3251,8635005,28.838888,4.700585,56,7,,0,
3252,364751004,28.962025,4.762435,56,8,,0,
3253,274735009,28.899649,4.8269463,56,9,,0,
3254,83765003,28.974342,5.0401516,56,10,,0,
3255,289485008,28.932524,5.089715,56,11,,0,
3256,24383005,28.907995,5.0994887,56,12,,0,
3257,84466009,29.025007,5.1042004,56,13,,0,
3258,398114001,28.87955,5.226663,56,14,,0,
3259,65172003,28.95609,5.3291383,56,15,,0,
3260,300540000,29.012457,5.404261,56,16,,0,
3261,64445006,29.022383,5.4081244,56,17,,0,
3262,3519007,28.936329,5.459697,56,18,,0,
3263,36989005,29.018185,5.5175796,56,19,,0,
3264,247803002,28.941778,5.546343,56,20,,0,
3265,105491004,28.878057,5.560269,56,21,,0,
3266,109610001,28.842789,5.563498,56,22,,0,
3267,195381005,28.838984,5.579108,56,23,,0,
3268,3441005,29.002422,5.642378,56,24,,0,
3269,18624000,28.973877,5.7571397,56,25,,0,
3270,111227009,28.887136,5.7781444,56,26,,0,
3271,276891009,28.896166,5.8145347,56,27,,0,
3272,190293001,29.00964,5.825381,56,28,,0,
3273,25093002,28.933699,5.8917522,56,29,,0,
3274,396152005,29.009838,5.928318,56,30,,0,
3275,77956009,29.013342,5.9538107,56,31,,0,
3276,275504005,29.02284,5.9570885,56,32,,0,
3277,86341008,28.847979,5.988639,56,33,,0,
3278,424413001,28.840511,6.0385876,56,34,,0,
3279,6273006,28.900858,6.107239,56,35,,0,
3280,192014006,28.912846,6.131821,56,36,,0,
3281,271696003,29.003792,6.227508,56,37,,0,
3282,66485003,28.921778,6.3462663,56,38,,0,
3283,212032004,28.953917,6.3506527,56,39,,0,
3284,14756005,29.03208,6.4388638,56,40,,0,
3285,419503008,28.960081,6.4727683,56,41,,0,
3286,38292009,28.93763,6.478929,56,42,,0,
3287,405247003,28.93495,6.4871793,56,43,,0,
3288,9682006,28.877611,6.5139384,56,44,,0,
3289,62730001,28.901514,6.6074624,56,45,,0,
3290,81546003,28.839983,6.652957,56,46,,0,
3291,123534001,28.961351,6.686117,56,47,,0,
3292,425852005,28.893448,6.7582397,56,48,,0,
3293,95217000,28.891033,6.778101,56,49,,0,
3294,74351001,28.974638,6.950994,56,50,,0,
3295,47709007,28.847628,6.971522,56,51,,0,
3296,302941001,28.913347,6.9780774,56,52,,0,
3297,397839006,28.853127,6.9802437,56,53,,0,
3298,234049002,28.95553,7.037664,56,54,,0,
3299,125608002,28.875751,7.08564,56,55,,0,
3300,27431007,28.832142,7.183895,56,56,,0,
3301,49883006,28.845085,7.2098875,56,57,,0,
3302,68172002,28.83824,7.527283,56,58,,0,
3303,165479004,28.829443,7.5395117,56,59,,0,
3304,471283005,29.057167,4.474445,57,1,,0,
3305,54288002,29.054592,4.495844,57,2,,0,
3306,63305008,29.06077,4.4960384,57,3,,0,
3307,40845000,29.07612,4.526643,57,4,,0,
3308,6497000,29.04531,4.5860643,57,5,,0,
3309,42982001,29.054815,4.6832585,57,6,,0,
3310,17657000,29.061708,4.7151737,57,7,,0,
3311,161833006,29.171719,4.739604,57,8,,0,
3312,362971004,29.33072,4.8411,57,9,,0,
3313,38228000,29.267696,4.9083576,57,10,,0,
3314,73297009,29.182554,5.0320034,57,11,,0,
3315,285375003,29.234211,5.1010613,57,12,,0,
3316,77892009,29.139635,5.148496,57,13,,0,
3317,25107009,29.112099,5.1807423,57,14,,0,
3318,102947004,29.138252,5.2837996,57,15,,0,
3319,48499001,29.228392,5.3480744,57,16,,0,
3320,102610002,29.188343,5.366578,57,17,,0,
3321,52813007,29.142197,5.410798,57,18,,0,
3322,78314001,29.22928,5.4149837,57,19,,0,
3323,21779006,29.18632,5.535238,57,20,,0,
3324,20376005,29.086935,5.5830827,57,21,,0,
3325,399072004,29.06312,5.6126547,57,22,,0,
3326,314137006,29.048466,5.6448307,57,23,,0,
3327,283545005,29.103443,5.677662,57,24,,0,
3328,92030004,29.143263,5.6865687,57,25,,0,
3329,45564002,29.102625,5.843578,57,26,,0,
3330,105485001,29.1597,5.8524227,57,27,,0,
3331,68225006,29.063683,5.9557695,57,28,,0,
3332,235602008,29.213331,6.0115285,57,29,,0,
3333,290101004,29.288008,6.0236154,57,30,,0,
3334,231939004,29.063362,6.024249,57,31,,0,
3335,397751001,29.123537,6.145921,57,32,,0,
3336,25273001,29.20328,6.14756,57,33,,0,
3337,21263006,29.209242,6.192587,57,34,,0,
3338,254662007,29.222311,6.241623,57,35,,0,
3339,103017008,29.253626,6.247604,57,36,,0,
3340,14357004,29.272018,6.2746806,57,37,,0,
3341,254651007,29.120724,6.3064632,57,38,,0,
3342,95404001,29.125319,6.321793,57,39,,0,
3343,254679001,29.058847,6.3461294,57,40,,0,
3344,76742009,29.116571,6.367014,57,41,,0,
3345,46154005,29.144377,6.509131,57,42,,0,
3346,6971002,29.04218,6.739885,57,43,,0,
3347,399029005,29.25377,6.741308,57,44,,0,
3348,404684003,29.124014,6.823997,57,45,,0,
3349,64309007,29.035154,6.8370867,57,46,,0,
3350,29227009,29.05636,6.859134,57,47,,0,
3351,397915002,29.120415,6.8597965,57,48,,0,
3352,70036007,29.124207,6.8709745,57,49,,0,
3353,39021009,29.202885,6.9015946,57,50,,0,
3354,165076002,29.080723,6.9150333,57,51,,0,
3355,414031008,29.078445,6.926138,57,52,,0,
3356,18040001,29.093124,6.9866595,57,53,,0,
3357,193531003,29.187275,6.999472,57,54,,0,
3358,109911004,29.231161,7.001536,57,55,,0,
3359,60853003,29.21627,7.00449,57,56,,0,
3360,202331007,29.179056,7.0270658,57,57,,0,
3361,315241008,29.28535,7.027615,57,58,,0,
3362,19660004,29.175041,7.040284,57,59,,0,
3363,8976003,29.676878,4.783998,58,1,,0,
3364,21134002,29.70716,4.818667,58,2,,0,
3365,95576001,29.341993,4.8539767,58,3,,0,
3366,5972002,29.334715,4.8628154,58,4,,0,
3367,4800001,29.712828,4.884261,58,5,,0,
3368,84471002,29.339436,4.90614,58,6,,0,
3369,307091009,29.668337,4.9335103,58,7,,0,
3370,76407009,29.648138,4.93414,58,8,,0,
3371,52486002,29.741364,4.9603744,58,9,,0,
3372,82053000,29.735327,4.974829,58,10,,0,
3373,52585001,29.611803,4.9748573,58,11,,0,
3374,165408006,29.690567,4.98207,58,12,,0,
3375,102830001,29.720167,4.993633,58,13,,0,
3376,248315005,29.687117,5.018914,58,14,,0,
3377,95382004,29.699217,5.0270715,58,15,,0,
3378,61373006,29.506626,5.0963473,58,16,,0,
3379,95397001,29.653744,5.1323028,58,17,,0,
3380,123526007,29.374006,5.30588,58,18,,0,
3381,309090002,29.399084,5.31585,58,19,,0,
3382,29003001,29.438791,5.319426,58,20,,0,
3383,237662005,29.447905,5.3306394,58,21,,0,
3384,37110009,29.459854,5.376108,58,22,,0,
3385,35046003,29.354662,5.376392,58,23,,0,
3386,193237003,29.385265,5.4656487,58,24,,0,
3387,49526009,29.378939,5.4802427,58,25,,0,
3388,198198001,29.39698,5.5684834,58,26,,0,
3389,8034008,29.558752,5.5700912,58,27,,0,
3390,406444002,29.730589,5.648158,58,28,,0,
3391,271481007,29.392962,5.7697954,58,29,,0,
3392,111475002,29.501854,5.7729287,58,30,,0,
3393,75543006,29.5603,5.792901,58,31,,0,
3394,372281005,29.502737,5.793249,58,32,,0,
3395,7687006,29.618418,5.810523,58,33,,0,
3396,27935005,29.45912,5.818853,58,34,,0,
3397,371436007,29.521912,5.827497,58,35,,0,
3398,308546005,29.465544,5.8648553,58,36,,0,
3399,56727007,29.399557,5.8853116,58,37,,0,
3400,55668003,29.663393,5.9424987,58,38,,0,
3401,70531008,29.537394,6.1397743,58,39,,0,
3402,4248008,29.369717,6.1561403,58,40,,0,
3403,92384009,29.508682,6.241167,58,41,,0,
3404,20502007,29.54536,6.2766128,58,42,,0,
3405,34789001,29.4363,6.4921064,58,43,,0,
3406,195374003,29.601683,6.5426073,58,44,,0,
3407,197352008,29.469318,6.549762,58,45,,0,
3408,33286000,29.462503,6.5517826,58,46,,0,
3409,269485000,29.447306,6.556759,58,47,,0,
3410,248548009,29.584589,6.800021,58,48,,0,
3411,131114008,29.48857,6.9105563,58,49,,0,
3412,26660001,29.54474,6.916941,58,50,,0,
3413,250978003,29.534811,6.9291196,58,51,,0,
3414,253350005,29.560892,6.940699,58,52,,0,
3415,20696009,29.513191,6.952172,58,53,,0,
3416,45004005,29.580795,7.1346645,58,54,,0,
3417,289669005,29.53,7.1357083,58,55,,0,
3418,91669008,29.525484,7.1449814,58,56,,0,
3419,39960009,29.544315,7.1564174,58,57,,0,
3420,249923006,29.571749,7.182569,58,58,,0,
3421,29542008,29.58522,7.190788,58,59,,0,
3422,36689008,29.761303,4.838014,59,1,,0,
3423,3321001,29.742186,4.854365,59,2,,0,
3424,102570003,29.742159,4.8585534,59,3,3171,0.01,
3425,422076005,29.743383,4.959375,59,4,,0,
3426,50565005,29.767523,4.996502,59,5,,0,
3427,235710003,29.785183,5.0143137,59,6,,0,
3428,70375006,29.849766,5.0786242,59,7,,0,
3429,95376002,29.808119,5.319342,59,8,,0,
3430,77157004,29.797482,5.407492,59,9,,0,
3431,197201009,29.800034,5.601161,59,10,,0,
3432,282754004,29.838161,5.618289,59,11,,0,
3433,238748009,29.819695,5.6195946,59,12,,0,
3434,418632009,29.7959,5.628227,59,13,,0,
3435,56882008,29.786905,5.637772,59,14,,0,
3436,68267002,29.791435,5.6432905,59,15,,0,
3437,102482005,29.7746,5.6661377,59,16,,0,
3438,5132005,29.797283,5.732514,59,17,,0,
3439,34615008,29.806984,5.993641,59,18,,0,
3440,198029003,29.818415,6.0006847,59,19,,0,
3441,11441004,29.839031,6.0200434,59,20,,0,
3442,36729000,29.828718,6.09721,59,21,,0,
3443,370999003,29.90123,6.128183,59,22,,0,
3444,225565007,29.763206,6.1515203,59,23,,0,
3445,240542006,29.960732,6.1617274,59,24,,0,
3446,58972000,29.9406,6.185029,59,25,,0,
3447,15405008,30.029902,6.215521,59,26,,0,
3448,53602002,30.006374,6.233167,59,27,,0,
3449,49263001,30.029707,6.2430816,59,28,,0,
3450,42198007,30.02243,6.24499,59,29,,0,
3451,268637002,30.119387,6.25825,59,30,,0,
3452,81903006,30.084162,6.2739706,59,31,,0,
3453,33927004,30.105452,6.278495,59,32,,0,
3454,44001008,30.104874,6.2853274,59,33,,0,
3455,51070004,30.109741,6.300733,59,34,,0,
3456,43077002,30.149504,6.3244095,59,35,,0,
3457,1335005,30.186539,6.3791037,59,36,,0,
3458,198036002,30.196024,6.382211,59,37,,0,
3459,33958003,30.22747,6.3850694,59,38,,0,
3460,110015006,30.207304,6.387887,59,39,,0,
3461,48723006,30.208092,6.3906155,59,40,,0,
3462,64910008,30.208683,6.4015236,59,41,,0,
3463,63901009,30.226074,6.413698,59,42,,0,
3464,17585008,30.235298,6.422896,59,43,,0,
3465,248782001,30.24421,6.4259663,59,44,,0,
3466,31070006,30.085226,6.4265347,59,45,,0,
3467,248096004,30.242365,6.4632373,59,46,,0,
3468,2904007,30.010706,6.4972124,59,47,,0,
3469,4754008,30.051178,6.5419884,59,48,,0,
3470,21897009,29.892712,6.645185,59,49,,0,
3471,34000006,29.847485,6.67185,59,50,,0,
3472,386783003,29.872116,6.699614,59,51,,0,
3473,371631005,30.092457,7.3744955,59,52,,0,
3474,234059001,30.22953,7.7410407,59,53,,0,
3475,47200007,30.246971,7.750697,59,54,,0,
3476,276494008,30.247013,7.755501,59,55,,0,
3477,235599003,30.254889,7.758584,59,56,,0,
3478,84328007,30.261915,7.768379,59,57,,0,
3479,102915009,30.257593,7.768888,59,58,,0,
3480,238131007,30.270506,7.778331,59,59,,0,
